3.4470000000e+00				4.4054296421e-01	8.4956437551e-01	4.4054296421e-01	8.4956437551e-01
3.4473000000e+00				4.4047262830e-01	8.4960946493e-01	4.4047262830e-01	8.4960946493e-01
3.4476000000e+00				4.4040232323e-01	8.4965452791e-01	4.4040232323e-01	8.4965452791e-01
3.4479000000e+00				4.4033204899e-01	8.4969956445e-01	4.4033204899e-01	8.4969956445e-01
3.4482000000e+00				4.4026180554e-01	8.4974457460e-01	4.4026180554e-01	8.4974457460e-01
3.4485000000e+00				4.4019159286e-01	8.4978955837e-01	4.4019159286e-01	8.4978955837e-01
3.4488000000e+00				4.4012141121e-01	8.4983451592e-01	4.4012141060e-01	8.4983451567e-01
3.4491000000e+00				4.4005162365e-01	8.4987959742e-01	4.4005089637e-01	8.4987929667e-01
3.4494000000e+00				4.4026037569e-01	8.5003970294e-01	4.3970262865e-01	8.4980876464e-01
3.4497000000e+00				4.4381229452e-01	8.5153409617e-01	4.3612411122e-01	8.4834977841e-01
3.4530000000e+00				4.5579100520e-01	8.5650133518e-01	4.2439717355e-01	8.4351338622e-01
3.4560000000e+00				4.6157321146e-01	8.5889680793e-01	4.1884328884e-01	8.4123736093e-01
3.4590000000e+00				4.6613034243e-01	8.6078199534e-01	4.1451394101e-01	8.3947209053e-01
3.4620000000e+00				4.7001954394e-01	8.6238825835e-01	4.1085198524e-01	8.3798621013e-01
3.4650000000e+00				4.7347135754e-01	8.6381144086e-01	4.0762688100e-01	8.3668387186e-01
3.4680000000e+00				4.7660780960e-01	8.6510232923e-01	4.0471660292e-01	8.3551428547e-01
3.4710000000e+00				4.7950279045e-01	8.6629170933e-01	4.0204726173e-01	8.3444666116e-01
3.4740000000e+00				4.8220507692e-01	8.6739992564e-01	3.9957008159e-01	8.3346065059e-01
3.4770000000e+00				4.8474887627e-01	8.6844126101e-01	3.9725085628e-01	8.3254196702e-01
3.4800000000e+00				4.8715928001e-01	8.6942620337e-01	3.9506449532e-01	8.3168011871e-01
3.4830000000e+00				4.8945534335e-01	8.7036272598e-01	3.9299194454e-01	8.3086712854e-01
3.4860000000e+00				4.9165194332e-01	8.7125706048e-01	3.9101832791e-01	8.3009676109e-01
3.4890000000e+00				4.9376096030e-01	8.7211418852e-01	3.8913176611e-01	8.2936403092e-01
3.4920000000e+00				4.9579206157e-01	8.7293816804e-01	3.8732259287e-01	8.2866487632e-01
3.4950000000e+00				4.9775323960e-01	8.7373235748e-01	3.8558281679e-01	8.2799593511e-01
3.4980000000e+00				4.9965119272e-01	8.7449957441e-01	3.8390574054e-01	8.2735438598e-01
3.5010000000e+00				5.0149160129e-01	8.7524221071e-01	3.8228568483e-01	8.2673783335e-01
3.5040000000e+00				5.0327933235e-01	8.7596231791e-01	3.8071778363e-01	8.2614422201e-01
3.5070000000e+00				5.0501859422e-01	8.7666167169e-01	3.7919782968e-01	8.2557177261e-01
3.5100000000e+00				5.0671305522e-01	8.7734182146e-01	3.7772215571e-01	8.2501893207e-01
3.5130000000e+00				5.0836593616e-01	8.7800412904e-01	3.7628754193e-01	8.2448433497e-01
3.5160000000e+00				5.0998008351e-01	8.7864979913e-01	3.7489114293e-01	8.2396677297e-01
3.5190000000e+00				5.1155802772e-01	8.7927990381e-01	3.7353042931e-01	8.2346517042e-01
3.5220000000e+00				5.1310203043e-01	8.7989540221e-01	3.7220314048e-01	8.2297856462e-01
3.5250000000e+00				5.1461412295e-01	8.8049715662e-01	3.7090724615e-01	8.2250608969e-01
3.5280000000e+00				5.1609613794e-01	8.8108594580e-01	3.6964091474e-01	8.2204696337e-01
3.5310000000e+00				5.1754973568e-01	8.8166247593e-01	3.6840248702e-01	8.2160047595e-01
3.5340000000e+00				5.1897642602e-01	8.8222738983e-01	3.6719045418e-01	8.2116598112e-01
3.5370000000e+00				5.2037758689e-01	8.8278127473e-01	3.6600343935e-01	8.2074288817e-01
3.5400000000e+00				5.2175447996e-01	8.8332466881e-01	3.6484018192e-01	8.2033065546e-01
3.5430000000e+00				5.2310826396e-01	8.8385806683e-01	3.6369952419e-01	8.1992878478e-01
3.5460000000e+00				5.1368474266e-01	8.8583593284e-01	3.5860922436e-01	8.1561066780e-01
3.5490000000e+00				5.0760909627e-01	8.8704451877e-01	3.5559752220e-01	8.1324598371e-01
3.5520000000e+00				5.0322259001e-01	8.8796311217e-01	3.5336938300e-01	8.1163008959e-01
3.5550000000e+00				4.9959349903e-01	8.8874941256e-01	3.5149669400e-01	8.1035076062e-01
3.5580000000e+00				4.9642254079e-01	8.8945446395e-01	3.4984113456e-01	8.0927533724e-01
3.5610000000e+00				4.9356767904e-01	8.9010266450e-01	3.4833670359e-01	8.0834074875e-01
3.5640000000e+00				4.9094816528e-01	8.9070798112e-01	3.4694568271e-01	8.0751107591e-01
3.5670000000e+00				5.0068314908e-01	8.9174833531e-01	3.4433407344e-01	8.0531488158e-01
3.5700000000e+00				5.0921809653e-01	8.9219664531e-01	3.4336899534e-01	8.0491622031e-01
3.5730000000e+00				4.6835791595e-01	8.8967263564e-01	3.5070866192e-01	8.1361532034e-01
3.5760000000e+00				5.5562674529e-01	8.8293465879e-01	3.6961910443e-01	8.3321093972e-01
3.5790000000e+00				5.7322519932e-01	8.7555965319e-01	3.8994975493e-01	8.5140452900e-01
3.5820000000e+00				5.3134102437e-01	8.9198154537e-01	3.4512737671e-01	8.0958383353e-01
3.5850000000e+00				5.2634023586e-01	8.9376269823e-01	3.4039911087e-01	8.0493128894e-01
3.5880000000e+00				5.8137497308e-01	8.7324067216e-01	3.9716074552e-01	8.5905362681e-01
3.5910000000e+00				5.8364181293e-01	8.7262753324e-01	3.9913505880e-01	8.6121611272e-01
3.5940000000e+00				4.2281480788e-01	8.7708855135e-01	3.8744838265e-01	8.5297168755e-01
3.5970000000e+00				4.3578912588e-01	8.8441943823e-01	3.6769143875e-01	8.3628251730e-01
3.6000000000e+00				4.1265472179e-01	8.7253488854e-01	4.0038392454e-01	8.6427589504e-01
3.6030000000e+00				4.1347178735e-01	8.7377386490e-01	3.9738603179e-01	8.6281175582e-01
3.6060000000e+00				5.0090621483e-01	9.0149703866e-01	3.2021326137e-01	7.8494228338e-01
3.6090000000e+00				3.2439557543e-01	7.9095957764e-01	5.9672116977e-01	8.6848786028e-01
3.6120000000e+00				4.5224267092e-01	8.9476188592e-01	3.4011694897e-01	8.1066792489e-01
3.6150000000e+00				5.6468795661e-01	8.8862291780e-01	3.5778460337e-01	8.3063583317e-01
3.6180000000e+00				3.3263160913e-01	8.0315193904e-01	5.7200182691e-01	8.8574333618e-01
3.6210000000e+00				3.7733362550e-01	8.5076467021e-01	4.5973717314e-01	8.9938001418e-01
3.6240000000e+00				6.0800997575e-01	8.6372185478e-01	4.2656803837e-01	8.8645847517e-01
3.6270000000e+00				6.3983224989e-01	8.3583105824e-01	4.9768787368e-01	9.0673061032e-01
3.6300000000e+00				6.4364738866e-01	8.3259650266e-01	5.0594782609e-01	9.0737158281e-01
3.6330000000e+00				6.4809453947e-01	8.2857107081e-01	5.1603513984e-01	9.0731586230e-01
3.6360000000e+00				5.1280243847e-01	9.0840405076e-01	3.0253749349e-01	7.6722711878e-01
3.6390000000e+00				3.1833555469e-01	7.8965582866e-01	6.0443608385e-01	8.7005980687e-01
3.6420000000e+00				3.6185029688e-01	8.4099119000e-01	4.8702648039e-01	9.0988700693e-01
3.6450000000e+00				3.6305445629e-01	8.4289137132e-01	4.8269097473e-01	9.1015794941e-01
3.6480000000e+00				4.7603452274e-01	9.0990479272e-01	2.9905596618e-01	7.6469921475e-01
3.6510000000e+00				5.4796537200e-01	9.0435022860e-01	3.1581475900e-01	7.8889273484e-01
3.6540000000e+00				5.9673629718e-01	8.7930619250e-01	3.8778737225e-01	8.6749002383e-01
3.6570000000e+00				6.1165258795e-01	8.6866073945e-01	4.1722442084e-01	8.8919298018e-01
3.6600000000e+00				3.0098499653e-01	7.7003848392e-01	6.4810993496e-01	8.3471221663e-01
3.6630000000e+00				4.2338608398e-01	8.9424931773e-01	3.4640066264e-01	8.2932973316e-01
3.6660000000e+00				6.7373605784e-01	8.0584465756e-01	5.7357886059e-01	8.9665283057e-01
3.6690000000e+00				6.2854152961e-01	8.5662738878e-01	4.5061522654e-01	9.0830183789e-01
3.6720000000e+00				4.9207905783e-01	9.1776961386e-01	2.7712051464e-01	7.3559242695e-01
3.6750000000e+00				3.3872913017e-01	8.2316952155e-01	5.3493836675e-01	9.1426396619e-01
3.6780000000e+00				4.2654394109e-01	8.9965427485e-01	3.3203682206e-01	8.1573762801e-01
3.6810000000e+00				6.9876056218e-01	7.7482929348e-01	6.4221987163e-01	8.4579628337e-01
3.6840000000e+00				6.1088741061e-01	8.7570147031e-01	4.0099752479e-01	8.8489131048e-01
3.6870000000e+00				8.2290040549e-01	5.3732615484e-01	9.1661311735e-01	2.8181035303e-01
3.6900000000e+00				3.3082146740e-01	8.1688712296e-01	5.5195961432e-01	9.1253773239e-01
3.6930000000e+00				2.6174792383e-01	7.1362035671e-01	7.5472490543e-01	6.8363051689e-01
3.6960000000e+00				5.7022437826e-01	9.0577331164e-01	3.1544628031e-01	7.9811396113e-01
3.6990000000e+00				5.7525426488e-01	9.0380180699e-01	3.2160622839e-01	8.0703177466e-01
3.7020000000e+00				7.7171471226e-01	6.5218546824e-01	8.3976013721e-01	4.9815240800e-01
3.7050000000e+00				7.4793217124e-01	6.9850231051e-01	7.8026126524e-01	6.3523567398e-01
3.7080000000e+00				9.2680342144e-01	2.5154641668e-01	6.9810818920e-01	7.8147266304e-01
3.7110000000e+00				5.4080833782e-01	9.2156999586e-01	2.6822639890e-01	7.2839878295e-01
3.7140000000e+00				5.0846221591e-01	9.2823404381e-01	2.4741035223e-01	6.9154111697e-01
3.7170000000e+00				2.7588355206e-01	7.4255184663e-01	7.1057369251e-01	7.6443346232e-01
3.7200000000e+00				8.0506598190e-01	5.8379725767e-01	9.0387823294e-01	3.2320242742e-01
3.7230000000e+00				9.2934934306e-01	2.4444898423e-01	6.8761456445e-01	7.9970328609e-01
3.7260000000e+00				3.5714975974e-01	8.5546653180e-01	4.6069584780e-01	9.2574401417e-01
3.7290000000e+00				7.8627331582e-01	6.2664945807e-01	8.7243652218e-01	4.1500427678e-01
3.7320000000e+00				6.9332993052e-01	7.9351104368e-01	6.1149292932e-01	8.8660872728e-01
3.7350000000e+00				9.2604673755e-01	2.5578840269e-01	7.1099719858e-01	7.6746848048e-01
3.7380000000e+00				6.6793137670e-01	8.2908485907e-01	5.2968639537e-01	9.3120576762e-01
3.7410000000e+00				4.9360187927e-01	9.3509685862e-01	2.2704399707e-01	6.5652687157e-01
3.7440000000e+00				5.1695374049e-01	9.3492386464e-01	2.2778957249e-01	6.5857515292e-01
3.7470000000e+00				5.6672149900e-01	9.2006926117e-01	2.7556118389e-01	7.4800318518e-01
3.7500000000e+00				2.1985420900e-01	6.4319375920e-01	8.6060830247e-01	4.4985619571e-01
3.7530000000e+00				9.2244317603e-01	2.6849623664e-01	7.3711174633e-01	7.2724890812e-01
3.7560000000e+00				8.2721879792e-01	5.3683703573e-01	9.3390323119e-01	2.3185031527e-01
3.7590000000e+00				9.3099289355e-01	2.4149742755e-01	6.8856016293e-01	8.0609899917e-01
3.7620000000e+00				2.2564166648e-01	6.5732487316e-01	8.4738630268e-01	4.8651221075e-01
3.7650000000e+00				7.7737965320e-01	6.5157288789e-01	8.5475160861e-01	4.6742963015e-01
3.7680000000e+00				5.8710714202e-01	9.1340971901e-01	2.9802017913e-01	7.8828124460e-01
3.7710000000e+00				3.3778785671e-01	8.4352450877e-01	4.9773772869e-01	9.4273070051e-01
3.7740000000e+00				8.4198329760e-01	5.0212097879e-01	9.4348302247e-01	2.0124028034e-01
3.7770000000e+00				9.4335163661e-01	2.0184033548e-01	6.0847777619e-01	8.9980442472e-01
3.7800000000e+00				2.8572787009e-01	7.7145057742e-01	6.6646912759e-01	8.4024875173e-01
3.7830000000e+00				8.2498664392e-01	5.4620346625e-01	9.3767420181e-01	2.2108341169e-01
3.7860000000e+00				3.1244948790e-01	8.1332671329e-01	5.7481463962e-01	9.2530888608e-01
3.7890000000e+00				7.7437593380e-01	6.6200592210e-01	8.4780421368e-01	4.8890311548e-01
3.7920000000e+00				9.4732719728e-01	1.8921465156e-01	5.8174007559e-01	9.2266397968e-01
3.7950000000e+00				2.6127366171e-01	7.3247194587e-01	7.4365603468e-01	7.2344744102e-01
3.7980000000e+00				8.6597708475e-01	4.4079881753e-01	9.3618884554e-01	2.2688982732e-01
3.8010000000e+00				5.0176166044e-01	9.5023820380e-01	1.7973241296e-01	5.6037638490e-01
3.8040000000e+00				8.3494555022e-01	5.2423486378e-01	9.4876580192e-01	1.8490960612e-01
3.8070000000e+00				9.1762372154e-01	2.8777275637e-01	7.8028118601e-01	6.5268143291e-01
3.8100000000e+00				8.4945669146e-01	4.8722287923e-01	9.5187799915e-01	1.7452190348e-01
3.8130000000e+00				9.3074046263e-01	2.4579609914e-01	7.0685537668e-01	7.9009498301e-01
3.8160000000e+00				6.6823062561e-01	8.4600131041e-01	4.9716028362e-01	9.5396922782e-01
3.8190000000e+00				9.1013718964e-01	3.1234640780e-01	8.2026822793e-01	5.6302853326e-01
3.8220000000e+00				7.9508711332e-01	6.2269398221e-01	8.9796432568e-01	3.5018843955e-01
3.8250000000e+00				9.1768492039e-01	2.8893785033e-01	7.8585684134e-01	6.4369343844e-01
3.8280000000e+00				5.2694237328e-01	9.5422128742e-01	1.6721860842e-01	5.3307405586e-01
3.8310000000e+00				9.5773532428e-01	1.5507264661e-01	5.0195723811e-01	9.5773532428e-01
3.8340000000e+00				9.5844139657e-01	1.5271391699e-01	4.9609037168e-01	9.5844139657e-01
3.8370000000e+00				9.5898481456e-01	1.5092049078e-01	4.9168659507e-01	9.5898481456e-01
3.8400000000e+00				9.5944744424e-01	1.4940689655e-01	4.8800438713e-01	9.5944744424e-01
3.8430000000e+00				9.5868840937e-01	1.5220179636e-01	4.9588692189e-01	9.6068498639e-01
3.8460000000e+00				9.5801854082e-01	1.5468233655e-01	5.0288646571e-01	9.6146795634e-01
3.8490000000e+00				9.5700454584e-01	1.5837420670e-01	5.1304020500e-01	9.6159548930e-01
3.8520000000e+00				9.5663715365e-01	1.5979062816e-01	5.1716021092e-01	9.6186569063e-01
3.8550000000e+00				9.6232594524e-01	1.3976194696e-01	4.6348104153e-01	9.5860883967e-01
3.8580000000e+00				6.2036282160e-01	9.0860834836e-01	3.2036530171e-01	8.4000764541e-01
3.8610000000e+00				9.5078594049e-01	1.8066405044e-01	5.7152279265e-01	9.4549901640e-01
3.8640000000e+00				1.2691463376e-01	4.2815944390e-01	9.4605764290e-01	1.9718988606e-01
3.8670000000e+00				6.2305282503e-01	9.0819589471e-01	3.2241542334e-01	8.4479919802e-01
3.8700000000e+00				9.6744522627e-01	1.2188549691e-01	4.1420386527e-01	9.3901302004e-01
3.8730000000e+00				4.3011012986e-01	9.4933196764e-01	1.8629433200e-01	5.8710324372e-01
3.8760000000e+00				9.3626199772e-01	2.3130211919e-01	6.8915841573e-01	8.3031320741e-01
3.8790000000e+00				8.8721415734e-01	3.8815289667e-01	9.2122458463e-01	2.8149844546e-01
3.8820000000e+00				9.2842691942e-01	2.5796035463e-01	7.4308005670e-01	7.4112071799e-01
3.8850000000e+00				9.4685777260e-01	1.9548593920e-01	6.1099856061e-01	9.2338415642e-01
3.8880000000e+00				9.4465902206e-01	2.0325824073e-01	6.2963954846e-01	9.0665666810e-01
3.8910000000e+00				7.7490170344e-01	6.7870344697e-01	8.4849121866e-01	5.0020311017e-01
3.8940000000e+00				3.7562726728e-01	9.1326536255e-01	3.0845051602e-01	8.3062444846e-01
3.8970000000e+00				1.3758782259e-01	4.6240794106e-01	9.6874290420e-01	1.1800150981e-01
3.9000000000e+00				1.1879447225e-01	4.0826114788e-01	9.4217753374e-01	2.1246821174e-01
3.9030000000e+00				8.1551358102e-01	5.8721095630e-01	9.4606475424e-01	1.9915539529e-01
3.9060000000e+00				5.0219343274e-01	9.7648120766e-01	8.9703863069e-02	3.1895255456e-01
3.9090000000e+00				1.0422778096e-01	3.6496124663e-01	9.0596756766e-01	3.3300901564e-01
3.9120000000e+00				8.9690636719e-01	3.6172439319e-01	9.0320199887e-01	3.4201891541e-01
3.9150000000e+00				2.5135917675e-01	7.3671585606e-01	7.5937533765e-01	7.1536615996e-01
3.9180000000e+00				2.9348226373e-01	8.1239896361e-01	5.9713018536e-01	9.4253651874e-01
3.9210000000e+00				8.3874078501e-01	5.3033360252e-01	9.7664218030e-01	8.9446761508e-02
3.9240000000e+00				6.6386792133e-01	8.7563002230e-01	4.2733178682e-01	9.6027865403e-01
3.9270000000e+00				7.2895068357e-01	7.7590288231e-01	6.8281733336e-01	8.5050110944e-01
3.9300000000e+00				6.4654580460e-01	8.9810060572e-01	3.5965751736e-01	9.0509467113e-01
3.9330000000e+00				1.6818198565e-01	5.5021413545e-01	9.7333310018e-01	1.0208406808e-01
3.9360000000e+00				8.0278000824e-02	2.9060843325e-01	8.1142675611e-01	6.0226064629e-01
3.9390000000e+00				9.7967739714e-01	7.8423893409e-02	2.8468565664e-01	8.0213691042e-01
3.9420000000e+00				6.0055043855e-01	9.4564483989e-01	2.0262146748e-01	6.3689320510e-01
3.9450000000e+00				9.8576302332e-01	5.5365254998e-02	2.0632327726e-01	6.4600946103e-01
3.9480000000e+00				2.9319988509e-01	8.1815869684e-01	5.8736387223e-01	9.5686710252e-01
3.9510000000e+00				5.8819631722e-01	9.5701678944e-01	1.6252696962e-01	5.3777832933e-01
3.9540000000e+00				9.5837404742e-02	3.4262436693e-01	8.9057092660e-01	3.8533450501e-01
3.9570000000e+00				4.6533525410e-01	9.8449509229e-01	6.0401648468e-02	2.2457276588e-01
3.9600000000e+00				2.2916588005e-01	6.9952956271e-01	8.3234429628e-01	5.5260718418e-01
3.9630000000e+00				9.8812729675e-01	4.6492894203e-02	1.7568496168e-01	5.7392069271e-01
3.9660000000e+00				1.5800219768e-01	5.2762673772e-01	9.8847300350e-01	4.5189099171e-02
3.9690000000e+00				9.7602037226e-01	9.2892878022e-02	3.3444298741e-01	8.8346318519e-01
3.9720000000e+00				1.8492804897e-01	5.9869823207e-01	9.5430739349e-01	1.7319823468e-01
3.9750000000e+00				8.9828759036e-01	3.6318380656e-01	9.1934328362e-01	2.9475106166e-01
3.9780000000e+00				8.4899079909e-02	3.0905569758e-01	8.4946320749e-01	5.0868860619e-01
3.9810000000e+00				5.4139913952e-02	2.0386216779e-01	6.4612579203e-01	9.1024471381e-01
3.9840000000e+00				9.9287578591e-01	2.8180663317e-02	1.0910786991e-01	3.8725811706e-01
3.9870000000e+00				1.2924038574e-02	5.0862190101e-02	1.9247333292e-01	6.1968884059e-01
3.9900000000e+00				5.7161067546e-01	9.7703892553e-01	8.9511115479e-02	3.2518051398e-01
3.9930000000e+00				8.8653804875e-01	4.0164922912e-01	9.5962621359e-01	1.5470376892e-01
3.9960000000e+00				9.9126432080e-01	3.4602830952e-02	1.3348827827e-01	4.6221395470e-01
3.9990000000e+00				7.8073813937e-01	6.8457320233e-01	8.6351499920e-01	4.7130952458e-01
4.0020000000e+00				-inf	-inf	-inf	-inf
4.0050000000e+00				-inf	-inf	-inf	-inf
4.0080000000e+00				-inf	-inf	-inf	-inf
4.0110000000e+00				-inf	-inf	-inf	-inf
4.0140000000e+00				-inf	-inf	-inf	-inf
4.0170000000e+00				-inf	-inf	-inf	-inf
4.0200000000e+00				-inf	-inf	-inf	-inf
4.0230000000e+00				-inf	-inf	-inf	-inf
4.0260000000e+00				-inf	-inf	-inf	-inf
4.0290000000e+00				-inf	-inf	-inf	-inf
4.0320000000e+00				-inf	-inf	-inf	-inf
4.0350000000e+00				-inf	-inf	-inf	-inf
4.0380000000e+00				-inf	-inf	-inf	-inf
4.0410000000e+00				-inf	-inf	-inf	-inf
4.0440000000e+00				-inf	-inf	-inf	-inf
4.0470000000e+00				-inf	-inf	-inf	-inf
3.5430000000e+00								5.2310826396e-01	8.8385806683e-01	3.6369952419e-01	8.1992878478e-01	5.2310826396e-01	8.8385806683e-01	3.6369952419e-01	8.1992878478e-01
3.5430300000e+00								5.2312168878e-01	8.8386335190e-01	3.6368822806e-01	8.1992481682e-01	5.2312168878e-01	8.8386335190e-01	3.6368822806e-01	8.1992481682e-01
3.5430600000e+00								5.2313511140e-01	8.8386863602e-01	3.6367693409e-01	8.1992084985e-01	5.2313511140e-01	8.8386863602e-01	3.6367693409e-01	8.1992084985e-01
3.5430900000e+00								5.2314853182e-01	8.8387391919e-01	3.6366564226e-01	8.1991688386e-01	5.2314853182e-01	8.8387391919e-01	3.6366564226e-01	8.1991688386e-01
3.5431200000e+00								5.2316195004e-01	8.8387920140e-01	3.6365435259e-01	8.1991291886e-01	5.2316195004e-01	8.8387920140e-01	3.6365435259e-01	8.1991291886e-01
3.5431500000e+00								5.2317536605e-01	8.8388448267e-01	3.6364306506e-01	8.1990895486e-01	5.2317536605e-01	8.8388448267e-01	3.6364306506e-01	8.1990895486e-01
3.5431800000e+00								5.2318877987e-01	8.8388976298e-01	3.6363177968e-01	8.1990499184e-01	5.2318877987e-01	8.8388976298e-01	3.6363177968e-01	8.1990499184e-01
3.5432100000e+00								5.2320219150e-01	8.8389504234e-01	3.6362049645e-01	8.1990102980e-01	5.2320219150e-01	8.8389504234e-01	3.6362049645e-01	8.1990102980e-01
3.5432400000e+00								5.2321560092e-01	8.8390032075e-01	3.6360921536e-01	8.1989706876e-01	5.2321560092e-01	8.8390032075e-01	3.6360921536e-01	8.1989706876e-01
3.5432700000e+00								5.2322900815e-01	8.8390559821e-01	3.6359793642e-01	8.1989310870e-01	5.2322900815e-01	8.8390559821e-01	3.6359793642e-01	8.1989310870e-01
3.5436000000e+00								5.2337634309e-01	8.8396358767e-01	3.6347400929e-01	8.1984961302e-01	5.2337634309e-01	8.8396358767e-01	3.6347400929e-01	8.1984961302e-01
3.5439000000e+00								5.2350999715e-01	8.8401621571e-01	3.6336154612e-01	8.1981014928e-01	5.2351011193e-01	8.8401619659e-01	3.6336159818e-01	8.1981019969e-01
3.5442000000e+00								5.2123946444e-01	8.8445115875e-01	3.6220769382e-01	8.1875726825e-01	5.2593731992e-01	8.8366565871e-01	3.6434610741e-01	8.2082970753e-01
3.5445000000e+00								5.1903091821e-01	8.8484126771e-01	3.6117462068e-01	8.1781367358e-01	5.2811089497e-01	8.8332405665e-01	3.6530562529e-01	8.2181864441e-01
3.5448000000e+00								5.1757837287e-01	8.8510465966e-01	3.6048631305e-01	8.1720376875e-01	5.2952849508e-01	8.8310917537e-01	3.6592034483e-01	8.2247387579e-01
3.5451000000e+00								5.1640947227e-01	8.8532040816e-01	3.5992756176e-01	8.1671911717e-01	5.3066247680e-01	8.8294194135e-01	3.6640547512e-01	8.2300383810e-01
3.5454000000e+00								5.1540258457e-01	8.8550889068e-01	3.5944291666e-01	8.1630603640e-01	5.3163447199e-01	8.8280197705e-01	3.6681646643e-01	8.2346221380e-01
3.5457000000e+00								5.1450410193e-01	8.8567909473e-01	3.5900792536e-01	8.1594086255e-01	5.3249808848e-01	8.8268029491e-01	3.6717777129e-01	8.2387266674e-01
3.5460000000e+00								5.1368474266e-01	8.8583593284e-01	3.5860922436e-01	8.1561066780e-01	5.3328260798e-01	8.8257198235e-01	3.6750275333e-01	8.2424812475e-01
3.5463000000e+00								5.1292643315e-01	8.8598243925e-01	3.5823856094e-01	8.1530747143e-01	5.3400610410e-01	8.8247400508e-01	3.6779966537e-01	8.2459656854e-01
3.5466000000e+00								5.1221708768e-01	8.8612064430e-01	3.5789041367e-01	8.1502593589e-01	5.3468066256e-01	8.8238433268e-01	3.6807402897e-01	8.2492333566e-01
3.5469000000e+00								5.1154815174e-01	8.8625198609e-01	3.5756087234e-01	8.1476228255e-01	5.3531483789e-01	8.8230152703e-01	3.6832975446e-01	8.2523220473e-01
3.5472000000e+00								5.1091330686e-01	8.8637752753e-01	3.5724704733e-01	8.1451372003e-01	5.3591494857e-01	8.8222452514e-01	3.6856973160e-01	8.2552596711e-01
3.5475000000e+00								5.1030772889e-01	8.8649808070e-01	3.5694673126e-01	8.1427811677e-01	5.3648581873e-01	8.8215251490e-01	3.6879616787e-01	8.2580675436e-01
3.5478000000e+00								5.0972763555e-01	8.8661428271e-01	3.5665819257e-01	8.1405380128e-01	5.3703123068e-01	8.8208485912e-01	3.6901079496e-01	8.2607623796e-01
3.5481000000e+00								5.0916999617e-01	8.8672664442e-01	3.5638004310e-01	8.1383943404e-01	5.3755421509e-01	8.8202104690e-01	3.6921500117e-01	8.2633575745e-01
3.5484000000e+00								5.0863233781e-01	8.8683558297e-01	3.5611114954e-01	8.1363392183e-01	5.3805724489e-01	8.8196066106e-01	3.6940991989e-01	8.2658640600e-01
3.5487000000e+00								5.0811261137e-01	8.8694144421e-01	3.5585057235e-01	8.1343635867e-01	5.3854236922e-01	8.8190335567e-01	3.6959649082e-01	8.2682908962e-01
3.5490000000e+00								5.0760909627e-01	8.8704451877e-01	3.5559752220e-01	8.1324598371e-01	5.3901130863e-01	8.8184884007e-01	3.6977550339e-01	8.2706456913e-01
3.5493000000e+00								5.0712033119e-01	8.8714505363e-01	3.5535132836e-01	8.1306215063e-01	5.3946552447e-01	8.8179686721e-01	3.6994762846e-01	8.2729349087e-01
3.5496000000e+00								5.0664506240e-01	8.8724326083e-01	3.5511141508e-01	8.1288430484e-01	5.3990627047e-01	8.8174722500e-01	3.7011344190e-01	8.2751640940e-01
3.5499000000e+00								5.0618220468e-01	8.8733932405e-01	3.5487728374e-01	8.1271196621e-01	5.4033463185e-01	8.8169972972e-01	3.7027344245e-01	8.2773380484e-01
3.5502000000e+00								5.0573081123e-01	8.8743340363e-01	3.5464849909e-01	8.1254471579e-01	5.4075155541e-01	8.8165422096e-01	3.7042806548e-01	8.2794609616e-01
3.5505000000e+00								5.0529005012e-01	8.8752564057e-01	3.5442467849e-01	8.1238218538e-01	5.4115787309e-01	8.8161055768e-01	3.7057769375e-01	8.2815365152e-01
3.5508000000e+00								5.0485918569e-01	8.8761615963e-01	3.5420548340e-01	8.1222404936e-01	5.4155432056e-01	8.8156861506e-01	3.7072266591e-01	8.2835679656e-01
3.5511000000e+00								5.0443756361e-01	8.8770507184e-01	3.5399061256e-01	8.1207001805e-01	5.4194155215e-01	8.8152828202e-01	3.7086328336e-01	8.2855582096e-01
3.5514000000e+00								5.0402459884e-01	8.8779247657e-01	3.5377979646e-01	8.1191983238e-01	5.4232015291e-01	8.8148945914e-01	3.7099981572e-01	8.2875098375e-01
3.5517000000e+00								5.0361976575e-01	8.8787846313e-01	3.5357279285e-01	8.1177325960e-01	5.4269064847e-01	8.8145205706e-01	3.7113250535e-01	8.2894251771e-01
3.5520000000e+00								5.0322259001e-01	8.8796311217e-01	3.5336938300e-01	8.1163008959e-01	5.4305351316e-01	8.8141599506e-01	3.7126157112e-01	8.2913063293e-01
3.5523000000e+00								5.0283264185e-01	8.8804649684e-01	3.5316936863e-01	8.1149013197e-01	5.4340917676e-01	8.8138119996e-01	3.7138721141e-01	8.2931551980e-01
3.5526000000e+00								5.0244953040e-01	8.8812868369e-01	3.5297256930e-01	8.1135321354e-01	5.4375803014e-01	8.8134760514e-01	3.7150960679e-01	8.2949735150e-01
3.5529000000e+00								5.0207289890e-01	8.8820973351e-01	3.5277882026e-01	8.1121917622e-01	5.4410043007e-01	8.8131514978e-01	3.7162892214e-01	8.2967628612e-01
3.5532000000e+00								5.0170242073e-01	8.8828970199e-01	3.5258797057e-01	8.1108787522e-01	5.4443670317e-01	8.8128377812e-01	3.7174530849e-01	8.2985246843e-01
3.5535000000e+00								5.0133779590e-01	8.8836864031e-01	3.5239988155e-01	8.1095917758e-01	5.4476714943e-01	8.8125343894e-01	3.7185890467e-01	8.3002603140e-01
3.5538000000e+00								5.0097874815e-01	8.8844659564e-01	3.5221442540e-01	8.1083296080e-01	5.4509204512e-01	8.8122408500e-01	3.7196983856e-01	8.3019709751e-01
3.5541000000e+00								5.0062502238e-01	8.8852361158e-01	3.5203148407e-01	8.1070911175e-01	5.4541164534e-01	8.8119567267e-01	3.7207822836e-01	8.3036577990e-01
3.5544000000e+00								5.0027638244e-01	8.8859972849e-01	3.5185094822e-01	8.1058752570e-01	5.4572618624e-01	8.8116816153e-01	3.7218418353e-01	8.3053218328e-01
3.5547000000e+00								4.9993260924e-01	8.8867498386e-01	3.5167271634e-01	8.1046810545e-01	5.4603588693e-01	8.8114151403e-01	3.7228780568e-01	8.3069640485e-01
3.5550000000e+00								4.9959349903e-01	8.8874941256e-01	3.5149669400e-01	8.1035076062e-01	5.4634095113e-01	8.8111569526e-01	3.7238918936e-01	8.3085853499e-01
3.5553000000e+00								4.9925886200e-01	8.8882304713e-01	3.5132279317e-01	8.1023540697e-01	5.4664156870e-01	8.8109067264e-01	3.7248842273e-01	8.3101865793e-01
3.5556000000e+00								4.9892852090e-01	8.8889591793e-01	3.5115093161e-01	8.1012196583e-01	5.4693791685e-01	8.8106641572e-01	3.7258558814e-01	8.3117685233e-01
3.5559000000e+00								4.9860230997e-01	8.8896805342e-01	3.5098103238e-01	8.1001036363e-01	5.4723016136e-01	8.8104289603e-01	3.7268076264e-01	8.3133319177e-01
3.5562000000e+00								4.9828007390e-01	8.8903948024e-01	3.5081302334e-01	8.0990053141e-01	5.4751845754e-01	8.8102008686e-01	3.7277401850e-01	8.3148774520e-01
3.5565000000e+00								4.9796166693e-01	8.8911022345e-01	3.5064683675e-01	8.0979240444e-01	5.4780295117e-01	8.8099796311e-01	3.7286542357e-01	8.3164057734e-01
3.5568000000e+00								4.9764695203e-01	8.8918030659e-01	3.5048240891e-01	8.0968592187e-01	5.4808377925e-01	8.8097650118e-01	3.7295504167e-01	8.3179174903e-01
3.5571000000e+00								4.9733580022e-01	8.8924975184e-01	3.5031967982e-01	8.0958102641e-01	5.4836107078e-01	8.8095567883e-01	3.7304293291e-01	8.3194131757e-01
3.5574000000e+00								4.9702808990e-01	8.8931858016e-01	3.5015859289e-01	8.0947766403e-01	5.4863494737e-01	8.8093547507e-01	3.7312915401e-01	8.3208933699e-01
3.5577000000e+00								4.9672370626e-01	8.8938681129e-01	3.4999909465e-01	8.0937578371e-01	5.4890552382e-01	8.8091587010e-01	3.7321375853e-01	8.3223585828e-01
3.5580000000e+00								4.9642254079e-01	8.8945446395e-01	3.4984113456e-01	8.0927533724e-01	5.4917290864e-01	8.8089684515e-01	3.7329679716e-01	8.3238092967e-01
3.5583000000e+00								4.9612449079e-01	8.8952155586e-01	3.4968466475e-01	8.0917627895e-01	5.4943720454e-01	8.8087838246e-01	3.7337831786e-01	8.3252459681e-01
3.5586000000e+00								4.9582945895e-01	8.8958810380e-01	3.4952963983e-01	8.0907856559e-01	5.4969850884e-01	8.8086046518e-01	3.7345836616e-01	8.3266690296e-01
3.5589000000e+00								4.9553735293e-01	8.8965412373e-01	3.4937601672e-01	8.0898215609e-01	5.4995691386e-01	8.8084307732e-01	3.7353698522e-01	8.3280788916e-01
3.5592000000e+00								4.9524808506e-01	8.8971963079e-01	3.4922375450e-01	8.0888701148e-01	5.5021250728e-01	8.8082620368e-01	3.7361421610e-01	8.3294759441e-01
3.5595000000e+00								4.9496157199e-01	8.8978463940e-01	3.4907281424e-01	8.0879309468e-01	5.5046537245e-01	8.8080982979e-01	3.7369009785e-01	8.3308605578e-01
3.5598000000e+00								4.9467773440e-01	8.8984916329e-01	3.4892315887e-01	8.0870037038e-01	5.5071558870e-01	8.8079394188e-01	3.7376466764e-01	8.3322330855e-01
3.5601000000e+00								4.9439649672e-01	8.8991321553e-01	3.4877475306e-01	8.0860880498e-01	5.5096323159e-01	8.8077852681e-01	3.7383796091e-01	8.3335938634e-01
3.5604000000e+00								4.9411778692e-01	8.8997680863e-01	3.4862756313e-01	8.0851836642e-01	5.5120837316e-01	8.8076357205e-01	3.7391001148e-01	8.3349432120e-01
3.5607000000e+00								4.9384153625e-01	8.9003995449e-01	3.4848155688e-01	8.0842902408e-01	5.5145108216e-01	8.8074906562e-01	3.7398085164e-01	8.3362814374e-01
3.5610000000e+00								4.9356767904e-01	8.9010266450e-01	3.4833670359e-01	8.0834074875e-01	5.5169142426e-01	8.8073499610e-01	3.7405051224e-01	8.3376088318e-01
3.5613000000e+00								4.9329615252e-01	8.9016494958e-01	3.4819297384e-01	8.0825351246e-01	5.5192946223e-01	8.8072135252e-01	3.7411902281e-01	8.3389256748e-01
3.5616000000e+00								4.9302689663e-01	8.9022682015e-01	3.4805033949e-01	8.0816728847e-01	5.5216525613e-01	8.8070812441e-01	3.7418641159e-01	8.3402322337e-01
3.5619000000e+00								4.9275985389e-01	8.9028828621e-01	3.4790877357e-01	8.0808205118e-01	5.5239886344e-01	8.8069530172e-01	3.7425270568e-01	8.3415287645e-01
3.5622000000e+00								4.9249496919e-01	8.9034935735e-01	3.4776825025e-01	8.0799777604e-01	5.5263033926e-01	8.8068287481e-01	3.7431793103e-01	8.3428155128e-01
3.5625000000e+00								4.9223218973e-01	8.9041004275e-01	3.4762874472e-01	8.0791443951e-01	5.5285973641e-01	8.8067083445e-01	3.7438211254e-01	8.3440927137e-01
3.5628000000e+00								4.9197146480e-01	8.9047035126e-01	3.4749023319e-01	8.0783201901e-01	5.5308710558e-01	8.8065917175e-01	3.7444527413e-01	8.3453605932e-01
3.5631000000e+00								4.9171274576e-01	8.9053029134e-01	3.4735269278e-01	8.0775049285e-01	5.5331249544e-01	8.8064787819e-01	3.7450743878e-01	8.3466193681e-01
3.5634000000e+00								4.9145598584e-01	8.9058987117e-01	3.4721610153e-01	8.0766984018e-01	5.5353595273e-01	8.8063694555e-01	3.7456862858e-01	8.3478692469e-01
3.5637000000e+00								4.9120114010e-01	8.9064909858e-01	3.4708043829e-01	8.0759004097e-01	5.5375752240e-01	8.8062636595e-01	3.7462886478e-01	8.3491104298e-01
3.5640000000e+00								4.9094816528e-01	8.9070798112e-01	3.4694568271e-01	8.0751107591e-01	5.5397724771e-01	8.8061613178e-01	3.7468816784e-01	8.3503431099e-01
3.5643000000e+00								4.9069702088e-01	8.9076652616e-01	3.4681181499e-01	8.0743292624e-01	5.5419517076e-01	8.8060623554e-01	3.7474655799e-01	8.3515674772e-01
3.5646000000e+00								4.9330546703e-01	8.9099024614e-01	3.4621757613e-01	8.0685065379e-01	5.5551680383e-01	8.8016349106e-01	3.7597875174e-01	8.3632192489e-01
3.5649000000e+00								4.9493955954e-01	8.9113370984e-01	3.4584670953e-01	8.0651143655e-01	5.5630528040e-01	8.7992325243e-01	3.7666135304e-01	8.3699423741e-01
3.5652000000e+00								4.9611863392e-01	8.9124629025e-01	3.4556178866e-01	8.0626584037e-01	5.5688864310e-01	8.7976188009e-01	3.7713011613e-01	8.3747614579e-01
3.5655000000e+00								4.9709352610e-01	8.9134488012e-01	3.4531576843e-01	8.0606252741e-01	5.5737938788e-01	8.7963596865e-01	3.7750277238e-01	8.3787263741e-01
3.5658000000e+00								4.9794505482e-01	8.9143494234e-01	3.4509343823e-01	8.0588491031e-01	5.5781386071e-01	8.7953151857e-01	3.7781728582e-01	8.3821754234e-01
3.5661000000e+00								4.9871160304e-01	8.9151908039e-01	3.4488755063e-01	8.0572509064e-01	5.5820936770e-01	8.7944187465e-01	3.7809170057e-01	8.3852692889e-01
3.5664000000e+00								4.9941499290e-01	8.9159877946e-01	3.4469397203e-01	8.0557856637e-01	5.5857577274e-01	8.7936324952e-01	3.7833628324e-01	8.3880993330e-01
3.5667000000e+00								5.0006904037e-01	8.9167498300e-01	3.4451007713e-01	8.0544247995e-01	5.5891933630e-01	8.7929324307e-01	3.7855753876e-01	8.3907234043e-01
3.5670000000e+00								5.0068314908e-01	8.9174833531e-01	3.4433407344e-01	8.0531488158e-01	5.5924432996e-01	8.7923022012e-01	3.7875989802e-01	8.3931808797e-01
3.5673000000e+00								5.0126406277e-01	8.9181929997e-01	3.4416467150e-01	8.0519436946e-01	5.5955382449e-01	8.7917300688e-01	3.7894654102e-01	8.3955000008e-01
3.5676000000e+00								5.0181681305e-01	8.9188822403e-01	3.4400090623e-01	8.0507989512e-01	5.5985011660e-01	8.7912072674e-01	3.7911984224e-01	8.3977018406e-01
3.5679000000e+00								5.0234527260e-01	8.9195537547e-01	3.4384203254e-01	8.0497064959e-01	5.6013497822e-01	8.7907270434e-01	3.7928163066e-01	8.3998026197e-01
3.5682000000e+00								5.0285249777e-01	8.9202096647e-01	3.4368746058e-01	8.0486599287e-01	5.6040981111e-01	8.7902840618e-01	3.7943335085e-01	8.4018151409e-01
3.5685000000e+00								5.0334095109e-01	8.9208516857e-01	3.4353671368e-01	8.0476540806e-01	5.6067574734e-01	8.7898740198e-01	3.7957616762e-01	8.4037497197e-01
3.5688000000e+00								5.0480209578e-01	8.9211770303e-01	3.4347454144e-01	8.0476361780e-01	5.6072677708e-01	8.7903918830e-01	3.7946798348e-01	8.4035259135e-01
3.5691000000e+00								5.0675553160e-01	8.9211211624e-01	3.4351905193e-01	8.0488099268e-01	5.6051851885e-01	8.7920320293e-01	3.7905601883e-01	8.4006818041e-01
3.5694000000e+00								5.0783894371e-01	8.9213066380e-01	3.4349600662e-01	8.0492290130e-01	5.6047441340e-01	8.7929615210e-01	3.7883623088e-01	8.3994885595e-01
3.5697000000e+00								5.0884621114e-01	8.9214565151e-01	3.4348291662e-01	8.0497592659e-01	5.6040607568e-01	8.7939954316e-01	3.7858805554e-01	8.3980455114e-01
3.5700000000e+00								5.0745828717e-01	8.9230141501e-01	3.4307557122e-01	8.0458776343e-01	5.6129787089e-01	8.7908597856e-01	3.7946894047e-01	8.4063598137e-01
3.5703000000e+00								4.9971371918e-01	8.9257470739e-01	3.4233856938e-01	8.0382760052e-01	5.6299628394e-01	8.7840615095e-01	3.8133940481e-01	8.4230397334e-01
3.5706000000e+00								5.1264361079e-01	8.9207920069e-01	3.4375558871e-01	8.0548338428e-01	5.5944125782e-01	8.8003413066e-01	3.7696273696e-01	8.3859765700e-01
3.5709000000e+00								4.9911647965e-01	8.9272221253e-01	3.4198246406e-01	8.0356126367e-01	5.6366856184e-01	8.7824969350e-01	3.8182622910e-01	8.4285723821e-01
3.5712000000e+00								4.8282711340e-01	8.9174682443e-01	3.4474374053e-01	8.0671798780e-01	5.5683606008e-01	8.8126381792e-01	3.7368287258e-01	8.3581787323e-01
3.5715000000e+00								4.7616435667e-01	8.9084589551e-01	3.4729082410e-01	8.0958728998e-01	5.5056711784e-01	8.8374255519e-01	3.6694180775e-01	8.2964344067e-01
3.5718000000e+00								4.9133264278e-01	8.9268167538e-01	3.4218237549e-01	8.0398931117e-01	5.6288174324e-01	8.7882669693e-01	3.8036217389e-01	8.4182607854e-01
3.5721000000e+00								4.7630209424e-01	8.9101894173e-01	3.4686586713e-01	8.0925903121e-01	5.5138525385e-01	8.8359306887e-01	3.6741319468e-01	8.3023012198e-01
3.5724000000e+00								4.8558501832e-01	8.9235768494e-01	3.4314847910e-01	8.0521038764e-01	5.6031886270e-01	8.8010230417e-01	3.7696764434e-01	8.3902472217e-01
3.5727000000e+00								5.2313169365e-01	8.9126333665e-01	3.4624108008e-01	8.0870992165e-01	5.5269020296e-01	8.8325626487e-01	3.6839765802e-01	8.3129877842e-01
3.5643000000e+00																4.9069702088e-01	8.9076652616e-01	3.4681181499e-01	8.0743292624e-01	5.5419517076e-01	8.8060623554e-01	3.7474655799e-01	8.3515674772e-01	4.9069701868e-01	8.9076652601e-01	3.4681181539e-01	8.0743292668e-01	5.5419516979e-01	8.8060623591e-01	3.7474655697e-01	8.3515674681e-01
3.5643100000e+00																4.9068868334e-01	8.9076847212e-01	3.4680736727e-01	8.0743033450e-01	5.5420240557e-01	8.8060591091e-01	3.7474849017e-01	8.3516081603e-01	4.9068867528e-01	8.9076847159e-01	3.4680736876e-01	8.0743033612e-01	5.5420240201e-01	8.8060591228e-01	3.7474848643e-01	8.3516081270e-01
3.5643200000e+00																4.9068035554e-01	8.9077041823e-01	3.4680291907e-01	8.0742774207e-01	5.5420964187e-01	8.8060558531e-01	3.7475042497e-01	8.3516488667e-01	4.9068032617e-01	8.9077041628e-01	3.4680292451e-01	8.0742774801e-01	5.5420962886e-01	8.8060559034e-01	3.7475041133e-01	8.3516487449e-01
3.5643300000e+00																4.9067205762e-01	8.9077236583e-01	3.4679846667e-01	8.0742514489e-01	5.5421688858e-01	8.8060525530e-01	3.7475237174e-01	8.3516896798e-01	4.9067195137e-01	8.9077235877e-01	3.4679848635e-01	8.0742516638e-01	5.5421684148e-01	8.8060527351e-01	3.7475232235e-01	8.3516892388e-01
3.5643400000e+00																4.9066386075e-01	8.9077431966e-01	3.4679399685e-01	8.0742252851e-01	5.5422417734e-01	8.8060490865e-01	3.7475436367e-01	8.3517308959e-01	4.9066348011e-01	8.9077429433e-01	3.4679406743e-01	8.0742260559e-01	5.5422400842e-01	8.8060497395e-01	3.7475418652e-01	8.3517293142e-01
3.5643500000e+00																4.9065601278e-01	8.9077629625e-01	3.4678946358e-01	8.0741984266e-01	5.5423161833e-01	8.8060450275e-01	3.7475651637e-01	8.3517735472e-01	4.9065466575e-01	8.9077620652e-01	3.4678971355e-01	8.0742011567e-01	5.5423102002e-01	8.8060473406e-01	3.7475588878e-01	8.3517679440e-01
3.5643600000e+00																4.9064935699e-01	8.9077835188e-01	3.4678471009e-01	8.0741691610e-01	5.5423958682e-01	8.8060389248e-01	3.7475922357e-01	8.3518211489e-01	4.9064466836e-01	8.9077803926e-01	3.4678558095e-01	8.0741786728e-01	5.5423750231e-01	8.8060469846e-01	3.7475703678e-01	8.3518016249e-01
3.5643700000e+00																4.9064666268e-01	8.9078067138e-01	3.4677922142e-01	8.0741318635e-01	5.5424931545e-01	8.8060260105e-01	3.7476377890e-01	8.3518852501e-01	4.9063072823e-01	8.9077960800e-01	3.4678218374e-01	8.0741642197e-01	5.5424222465e-01	8.8060534310e-01	3.7475633913e-01	8.3518188275e-01
3.5643800000e+00																4.9065647325e-01	8.9078382431e-01	3.4677141092e-01	8.0740692016e-01	5.5426460248e-01	8.8059915883e-01	3.7477416980e-01	8.3520014456e-01	4.9060433957e-01	8.9078034211e-01	3.4678111159e-01	8.0741751615e-01	5.5424138170e-01	8.8060813962e-01	3.7474980283e-01	8.3517838993e-01
3.5643900000e+00																4.9070187898e-01	8.9078934047e-01	3.4675701671e-01	8.0739346135e-01	5.5429565095e-01	8.8058961515e-01	3.7480111492e-01	8.3522653927e-01	4.9054264155e-01	8.9077869515e-01	3.4678667257e-01	8.0742585534e-01	5.5422466097e-01	8.8061707469e-01	3.7472661066e-01	8.3516002329e-01
3.5644000000e+00																4.9082692569e-01	8.9080007252e-01	3.4672809115e-01	8.0736412414e-01	5.5436149098e-01	8.8056658599e-01	3.7486464604e-01	8.3528557079e-01	4.9040293402e-01	8.9077170566e-01	3.4680711653e-01	8.0745044855e-01	5.5417231578e-01	8.8063976991e-01	3.7466608022e-01	8.3510829664e-01
3.5644100000e+00																4.9105277249e-01	8.9081715871e-01	3.4668146169e-01	8.0731543190e-01	5.5446972950e-01	8.8052706865e-01	3.7497290234e-01	8.3538444434e-01	4.9016794837e-01	8.9075793120e-01	3.4684646091e-01	8.0749567574e-01	5.5407473613e-01	8.8067989039e-01	3.7455825819e-01	8.3501426097e-01
3.5644200000e+00																4.9130932309e-01	8.9083578697e-01	3.4663053340e-01	8.0726202381e-01	5.5458828147e-01	8.8048345444e-01	3.7509226053e-01	8.3549312098e-01	4.8990944625e-01	8.9074207334e-01	3.4689160755e-01	8.0754722534e-01	5.5396327990e-01	8.8072528215e-01	3.7443611725e-01	8.3490732540e-01
3.5644300000e+00																4.9153088018e-01	8.9085183773e-01	3.4658678411e-01	8.0721644850e-01	5.5468965940e-01	8.8044643656e-01	3.7519371576e-01	8.3558576906e-01	4.8968920523e-01	8.9072855658e-01	3.4693023167e-01	8.0759164337e-01	5.5386744220e-01	8.8076458873e-01	3.7433047876e-01	8.3481506807e-01
3.5644400000e+00																4.9171484105e-01	8.9086532308e-01	3.4655018108e-01	8.0717867694e-01	5.5477393434e-01	8.8041602456e-01	3.7527724720e-01	8.3566240877e-01	4.8950720905e-01	8.9071755993e-01	3.4696183524e-01	8.0762839184e-01	5.5378840982e-01	8.8079738703e-01	3.7424249658e-01	8.3473856081e-01
3.5644500000e+00																4.9187315618e-01	8.9087708379e-01	3.4651838231e-01	8.0714615230e-01	5.5484671095e-01	8.8039005802e-01	3.7534871752e-01	8.3572828184e-01	4.8935093896e-01	8.9070828246e-01	3.4698864967e-01	8.0765990944e-01	5.5372084017e-01	8.8082575156e-01	3.7416654342e-01	8.3467278913e-01
3.5644600000e+00																4.9201397467e-01	8.9088767086e-01	3.4648985288e-01	8.0711719811e-01	5.5491166323e-01	8.8036711670e-01	3.7541198028e-01	8.3578682932e-01	4.8921217325e-01	8.9070017810e-01	3.4701219619e-01	8.0768785801e-01	5.5366109173e-01	8.8085109193e-01	3.7409879487e-01	8.3461434014e-01
3.5644700000e+00																4.9214205914e-01	8.9089740383e-01	3.4646370256e-01	8.0709084203e-01	5.5497092208e-01	8.8034637645e-01	3.7546927152e-01	8.3584004736e-01	4.8908614205e-01	8.9069292780e-01	3.4703336366e-01	8.0771320847e-01	5.5360703678e-01	8.8087423126e-01	3.7403701771e-01	8.3456122042e-01
3.5644800000e+00																4.9226035859e-01	8.9090648034e-01	3.4643938082e-01	8.0706648273e-01	5.5502580523e-01	8.8032732758e-01	3.7552197410e-01	8.3588917039e-01	4.8896989568e-01	8.9068633395e-01	3.4705270249e-01	8.0773656202e-01	5.5355735787e-01	8.8089567914e-01	3.7397982935e-01	8.3451219580e-01
3.5644900000e+00																4.9237083574e-01	8.9091503190e-01	3.4641652131e-01	8.0704372006e-01	5.5507718959e-01	8.8030963094e-01	3.7557100820e-01	8.3593501981e-01	4.8886147139e-01	8.9068026506e-01	3.4707057904e-01	8.0775831879e-01	5.5351117811e-01	8.8091577472e-01	3.7392630960e-01	8.3446644489e-01
3.5645000000e+00																4.9247487367e-01	8.9092315118e-01	3.4639486584e-01	8.0702227201e-01	5.5512569315e-01	8.8029304753e-01	3.7561702227e-01	8.3597817441e-01	4.8875948610e-01	8.9067462845e-01	3.4708725150e-01	8.0777876080e-01	5.5346787951e-01	8.8093475700e-01	3.7387581004e-01	8.3442338889e-01
3.5645100000e+00																4.9257349035e-01	8.9093090642e-01	3.4637422436e-01	8.0700193101e-01	5.5517177078e-01	8.8027740143e-01	3.7566049358e-01	8.3601906022e-01	4.8866292183e-01	8.9066935588e-01	3.4710290991e-01	8.0779809562e-01	5.5342700720e-01	8.8095280190e-01	3.7382785338e-01	8.3438260178e-01
3.5645200000e+00																4.9266746082e-01	8.9093834955e-01	3.4635445216e-01	8.0698253901e-01	5.5521576883e-01	8.8026255870e-01	3.7570178552e-01	8.3605800160e-01	4.8857100353e-01	8.9066439541e-01	3.4711769898e-01	8.0781648129e-01	5.5338821483e-01	8.8097004336e-01	3.7378207624e-01	8.3434375921e-01
3.5645300000e+00																4.9275739134e-01	8.9094552122e-01	3.4633543603e-01	8.0696397237e-01	5.5525795826e-01	8.8024841456e-01	3.7574118235e-01	8.3609525225e-01	4.8848312495e-01	8.9065970641e-01	3.4713173192e-01	8.0783404146e-01	5.5335123145e-01	8.8098658614e-01	3.7373819437e-01	8.3430660746e-01
3.5645400000e+00																4.9284376679e-01	8.9095245394e-01	3.4631708543e-01	8.0694613219e-01	5.5529855577e-01	8.8023488523e-01	3.7577891140e-01	8.3613101510e-01	4.8839880123e-01	8.9065525636e-01	3.4714509928e-01	8.0785087502e-01	5.5331584033e-01	8.8100251406e-01	3.7369598041e-01	8.3427094362e-01
3.5645500000e+00																4.9292698214e-01	8.9095917418e-01	3.4629932658e-01	8.0692893791e-01	5.5533773793e-01	8.8022190244e-01	3.7581515790e-01	8.3616545544e-01	4.8831763736e-01	8.9065101878e-01	3.4715787483e-01	8.0786706254e-01	5.5328186493e-01	8.8101789536e-01	3.7365524916e-01	8.3423660238e-01
3.5645600000e+00																4.9300736425e-01	8.9096570387e-01	3.4628209842e-01	8.0691232286e-01	5.5537565085e-01	8.8020940969e-01	3.7585007509e-01	8.3619871007e-01	4.8823930651e-01	8.9064697176e-01	3.4717011963e-01	8.0788267070e-01	5.5324915913e-01	8.8103278655e-01	3.7361584736e-01	8.3420344695e-01
3.5645700000e+00																4.9308518722e-01	8.9097206138e-01	3.4626534977e-01	8.0689623110e-01	5.5541241707e-01	8.8019735962e-01	3.7588379151e-01	8.3623089369e-01	4.8816353458e-01	8.9064309692e-01	3.4718188487e-01	8.0789775540e-01	5.5321760040e-01	8.8104723499e-01	3.7357764648e-01	8.3417136264e-01
3.5645800000e+00																4.9316068361e-01	8.9097826232e-01	3.4624903715e-01	8.0688061521e-01	5.5544814055e-01	8.8018571201e-01	3.7591641622e-01	8.3626210363e-01	4.8809008899e-01	8.9063937866e-01	3.4719321401e-01	8.0791236411e-01	5.5318708475e-01	8.8106128089e-01	3.7354053747e-01	8.3414025209e-01
3.5645900000e+00																4.9323405275e-01	8.9098432005e-01	3.4623312335e-01	8.0686543449e-01	5.5548291045e-01	8.8017443243e-01	3.7594804268e-01	8.3629242331e-01	4.8801877043e-01	8.9063580360e-01	3.4720414430e-01	8.0792653749e-01	5.5315752305e-01	8.8107495870e-01	3.7350442684e-01	8.3411003191e-01
3.5646000000e+00																4.9330546703e-01	8.9099024614e-01	3.4621757613e-01	8.0685065379e-01	5.5551680383e-01	8.8016349106e-01	3.7597875174e-01	8.3632192489e-01	4.8794940649e-01	8.9063236018e-01	3.4721470793e-01	8.0794031073e-01	5.5312883822e-01	8.8108829822e-01	3.7346923376e-01	8.3408062994e-01
3.5646100000e+00																4.9337507674e-01	8.9099605066e-01	3.4620236741e-01	8.0683624241e-01	5.5554988793e-01	8.8015286193e-01	3.7600861389e-01	8.3635067125e-01	4.8788184689e-01	8.9062903832e-01	3.4722493301e-01	8.0795371449e-01	5.5310096304e-01	8.8110132542e-01	3.7343488775e-01	8.3405198327e-01
3.5646200000e+00																4.9344301386e-01	8.9100174249e-01	3.4618747253e-01	8.0682217344e-01	5.5558222174e-01	8.8014252224e-01	3.7603769100e-01	8.3637871763e-01	4.8781595967e-01	8.9062582917e-01	3.4723484419e-01	8.0796677570e-01	5.5307383850e-01	8.8111406313e-01	3.7340132692e-01	8.3402403670e-01
3.5646300000e+00																4.9350939499e-01	8.9100732943e-01	3.4617286968e-01	8.0680842307e-01	5.5561385745e-01	8.8013245181e-01	3.7606603778e-01	8.3640611283e-01	4.8775162819e-01	8.9062272490e-01	3.4724446328e-01	8.0797951817e-01	5.5304741243e-01	8.8112653149e-01	3.7336849658e-01	8.3399674139e-01
3.5646400000e+00																4.9357432381e-01	8.9101281846e-01	3.4615853950e-01	8.0679497013e-01	5.5564484141e-01	8.8012263273e-01	3.7609370283e-01	8.3643290024e-01	4.8768874881e-01	8.9061971854e-01	3.4725380966e-01	8.0799196307e-01	5.5302163846e-01	8.8113874844e-01	3.7333634810e-01	8.3397005398e-01
3.5646500000e+00																4.9363789295e-01	8.9101821578e-01	3.4614446466e-01	8.0678179572e-01	5.5567521507e-01	8.8011304898e-01	3.7612072962e-01	8.3645911863e-01	4.8762722887e-01	8.9061680390e-01	3.4726290064e-01	8.0800412929e-01	5.5299647514e-01	8.8115072998e-01	3.7330483804e-01	8.3394393569e-01
3.5646600000e+00																4.9370018560e-01	8.9102352698e-01	3.4613062960e-01	8.0676888285e-01	5.5570501565e-01	8.8010368617e-01	3.7614715715e-01	8.3648480282e-01	4.8756698518e-01	8.9061397537e-01	3.4727175177e-01	8.0801603383e-01	5.5297188527e-01	8.8116249051e-01	3.7327392739e-01	8.3391835171e-01
3.5646700000e+00																4.9376127680e-01	8.9102875710e-01	3.4611702030e-01	8.0675621620e-01	5.5573427673e-01	8.8009453135e-01	3.7617302062e-01	8.3650998419e-01	4.8750794273e-01	8.9061122792e-01	3.4728037710e-01	8.0802769201e-01	5.5294783526e-01	8.8117404298e-01	3.7324358094e-01	8.3389327063e-01
3.5646800000e+00																4.9382123450e-01	8.9103391070e-01	3.4610362404e-01	8.0674378189e-01	5.5576302870e-01	8.8008557275e-01	3.7619835190e-01	8.3653469121e-01	4.8745003353e-01	8.9060855699e-01	3.4728878933e-01	8.0803911770e-01	5.5292429470e-01	8.8118539916e-01	3.7321376683e-01	8.3386866401e-01
3.5646900000e+00																4.9388012049e-01	8.9103899193e-01	3.4609042926e-01	8.0673156732e-01	5.5579129922e-01	8.8007679970e-01	3.7622317997e-01	8.3655894972e-01	4.8739319583e-01	8.9060595843e-01	3.4729700001e-01	8.0805032352e-01	5.5290123596e-01	8.8119656972e-01	3.7318445607e-01	8.3384450600e-01
3.5647000000e+00																4.9393799114e-01	8.9104400458e-01	3.4607742544e-01	8.0671956096e-01	5.5581911352e-01	8.8006820244e-01	3.7624753128e-01	8.3658278332e-01	4.8733737324e-01	8.9060342846e-01	3.4730501969e-01	8.0806132098e-01	5.5287863380e-01	8.8120756441e-01	3.7315562224e-01	8.3382077300e-01
3.5647100000e+00																4.9399489802e-01	8.9104895210e-01	3.4606460291e-01	8.0670775228e-01	5.5584649467e-01	8.8005977206e-01	3.7627143001e-01	8.3660621359e-01	4.8728251419e-01	8.9060096361e-01	3.4731285802e-01	8.0807212062e-01	5.5285646514e-01	8.8121839214e-01	3.7312724112e-01	8.3379744343e-01
3.5647200000e+00																4.9405088850e-01	8.9105383769e-01	3.4605195282e-01	8.0669613161e-01	5.5587346389e-01	8.8005150037e-01	3.7629489839e-01	8.3662926036e-01	4.8722857130e-01	8.9059856069e-01	3.4732052386e-01	8.0808273211e-01	5.5283470877e-01	8.8122906112e-01	3.7309929050e-01	8.3377449746e-01
3.5647300000e+00																4.9410600618e-01	8.9105866426e-01	3.4603946700e-01	8.0668469004e-01	5.5590004068e-01	8.8004337983e-01	3.7631795687e-01	8.3665194187e-01	4.8717550099e-01	8.9059621679e-01	3.4732802537e-01	8.0809316436e-01	5.5281334518e-01	8.8123957888e-01	3.7307174993e-01	8.3375191684e-01
3.5647400000e+00																4.9416029132e-01	8.9106343453e-01	3.4602713792e-01	8.0667341934e-01	5.5592624308e-01	8.8003540348e-01	3.7634062433e-01	8.3667427498e-01	4.8712326299e-01	8.9059392919e-01	3.4733537008e-01	8.0810342559e-01	5.5279235635e-01	8.8124995238e-01	3.7304460053e-01	8.3372968473e-01
3.5647500000e+00																4.9421378117e-01	8.9106815100e-01	3.4601495862e-01	8.0666231191e-01	5.5595208775e-01	8.8002756488e-01	3.7636291825e-01	8.3669627527e-01	4.8707182005e-01	8.9059169540e-01	3.4734256496e-01	8.0811352341e-01	5.5277172560e-01	8.8126018806e-01	3.7301782482e-01	8.3370778554e-01
3.5647600000e+00																4.9426651026e-01	8.9107281598e-01	3.4600292262e-01	8.0665136069e-01	5.5597759017e-01	8.8001985804e-01	3.7638485483e-01	8.3671795720e-01	4.8702113763e-01	8.9058951308e-01	3.4734961648e-01	8.0812346488e-01	5.5275143745e-01	8.8127029189e-01	3.7299140660e-01	8.3368620481e-01
3.5647700000e+00																4.9431851073e-01	8.9107743165e-01	3.4599102391e-01	8.0664055911e-01	5.5600276472e-01	8.8001227743e-01	3.7640644914e-01	8.3673933421e-01	4.8697118361e-01	8.9058738009e-01	3.4735653066e-01	8.0813325657e-01	5.5273147754e-01	8.8128026944e-01	3.7296533079e-01	8.3366492909e-01
3.5647800000e+00																4.9436981249e-01	8.9108200000e-01	3.4597925690e-01	8.0662990106e-01	5.5602762479e-01	8.8000481785e-01	3.7642771523e-01	8.3676041883e-01	4.8692192808e-01	8.9058529441e-01	3.4736331308e-01	8.0814290459e-01	5.5271183245e-01	8.8129012587e-01	3.7293958336e-01	8.3364394587e-01
3.5647900000e+00																4.9442044347e-01	8.9108652291e-01	3.4596761636e-01	8.0661938083e-01	5.5605218289e-01	8.7999747449e-01	3.7644866618e-01	8.3678122274e-01	4.8687334309e-01	8.9058325417e-01	3.4736996899e-01	8.0815241465e-01	5.5269248969e-01	8.8129986602e-01	3.7291415121e-01	8.3362324346e-01
3.5648000000e+00																4.9447042977e-01	8.9109100215e-01	3.4595609738e-01	8.0660899308e-01	5.5607645073e-01	8.7999024283e-01	3.7646931425e-01	8.3680175687e-01	4.8682540255e-01	8.9058125760e-01	3.4737650326e-01	8.0816179207e-01	5.5267343755e-01	8.8130949440e-01	3.7288902208e-01	8.3360281092e-01
3.5649000000e+00																4.9493955954e-01	8.9113370984e-01	3.4584670953e-01	8.0651143655e-01	5.5630528040e-01	8.7992325243e-01	3.7666135304e-01	8.3699423741e-01	4.8637671781e-01	8.9056337660e-01	3.4743604116e-01	8.0824923769e-01	5.5249678436e-01	8.8140044800e-01	3.7265218095e-01	8.3341135183e-01
3.5650000000e+00																4.9536397610e-01	8.9117337846e-01	3.4574577816e-01	8.0642308893e-01	5.5651393488e-01	8.7986401446e-01	3.7683237329e-01	8.3716800788e-01	4.8597272335e-01	8.9054853459e-01	3.4748711719e-01	8.0832746035e-01	5.5234034169e-01	8.8148364197e-01	3.7243637319e-01	8.3323861277e-01
3.5651000000e+00																4.9575463466e-01	8.9121074575e-01	3.4565124875e-01	8.0634170820e-01	5.5670732709e-01	8.7981063326e-01	3.7698751680e-01	8.3732765360e-01	4.8560246394e-01	8.9053599383e-01	3.4753178594e-01	8.0839870214e-01	5.5219919646e-01	8.8156097199e-01	3.7223645702e-01	8.3308000846e-01
3.5652000000e+00																4.9611863392e-01	8.9124629025e-01	3.4556178866e-01	8.0626584037e-01	5.5688864310e-01	8.7976188009e-01	3.7713011613e-01	8.3747614579e-01	4.8525884087e-01	8.9052527572e-01	3.4757138017e-01	8.0846441713e-01	5.5207016243e-01	8.8163366677e-01	3.7204909990e-01	8.3293256765e-01
3.5653000000e+00																4.9646088529e-01	8.9128034343e-01	3.4547647490e-01	8.0619447862e-01	5.5706008908e-01	8.7971690457e-01	3.7726247757e-01	8.3761554024e-01	4.8493694273e-01	8.9051604878e-01	3.4760682294e-01	8.0852561222e-01	5.5195103324e-01	8.8170257670e-01	3.7187199554e-01	8.3279423456e-01
3.5654000000e+00																4.9678495420e-01	8.9131314617e-01	3.4539463673e-01	8.0612689144e-01	5.5722326791e-01	8.7967508918e-01	3.7738627577e-01	8.3774732941e-01	4.8463320407e-01	8.9050807209e-01	3.4763878507e-01	8.0858301898e-01	5.5184020582e-01	8.8176831930e-01	3.7170346929e-01	8.3266351674e-01
3.5655000000e+00																4.9709352610e-01	8.9134488012e-01	3.4531576843e-01	8.0606252741e-01	5.5737938788e-01	8.7963596865e-01	3.7750277238e-01	8.3787263741e-01	4.8434493942e-01	8.9050116397e-01	3.4766777235e-01	8.0863718893e-01	5.5173647175e-01	8.8183135982e-01	3.7154225952e-01	8.3253929007e-01
3.5656000000e+00																4.9738868350e-01	8.9137568627e-01	3.4523947743e-01	8.0600095854e-01	5.5752938671e-01	8.7959918208e-01	3.7761294603e-01	8.3799233600e-01	4.8407006628e-01	8.9049518340e-01	3.4769417746e-01	8.0868855010e-01	5.5163889309e-01	8.8189205918e-01	3.7138738762e-01	8.3242068280e-01
3.5657000000e+00																4.9767208004e-01	8.9140567672e-01	3.4516545169e-01	8.0594184473e-01	5.5767400967e-01	8.7956444279e-01	3.7771757398e-01	8.3810711745e-01	4.8380693098e-01	8.9049001825e-01	3.4771831252e-01	8.0873744270e-01	5.5154672443e-01	8.8195070404e-01	3.7123807632e-01	8.3230700265e-01
3.5658000000e+00																4.9794505482e-01	8.9143494234e-01	3.4509343823e-01	8.0588491031e-01	5.5781386071e-01	8.7953151857e-01	3.7781728582e-01	8.3821754234e-01	4.8355419442e-01	8.9048557761e-01	3.4774043057e-01	8.0878414246e-01	5.5145936163e-01	8.8200752662e-01	3.7109369605e-01	8.3219768905e-01
3.5659000000e+00																4.9820871030e-01	8.9146355803e-01	3.4502322860e-01	8.0582992815e-01	5.5794943750e-01	8.7950021818e-01	3.7791260002e-01	8.3832407222e-01	4.8331075413e-01	8.9048178656e-01	3.4776074018e-01	8.0882887658e-01	5.5137630684e-01	8.8206271814e-01	3.7095372835e-01	8.3209228045e-01
3.5660000000e+00																4.9846396702e-01	8.9149158639e-01	3.4495464855e-01	8.0577670845e-01	5.5808115590e-01	8.7947038189e-01	3.7800394957e-01	8.3842709248e-01	4.8307568956e-01	8.9047858248e-01	3.4777941566e-01	8.0887183494e-01	5.5129714404e-01	8.8211643834e-01	3.7081774023e-01	8.3199039145e-01
3.5661000000e+00																4.9871160304e-01	8.9151908039e-01	3.4488755063e-01	8.0572509064e-01	5.5820936770e-01	8.7944187465e-01	3.7809170057e-01	8.3852692889e-01	4.8284822263e-01	8.9047591234e-01	3.4779660453e-01	8.0891317818e-01	5.5122152126e-01	8.8216882227e-01	3.7068536561e-01	8.3189169631e-01
3.5662000000e+00																4.9895228305e-01	8.9154608534e-01	3.4482180878e-01	8.0567493745e-01	5.5833437368e-01	8.7941458104e-01	3.7817616583e-01	8.3862385972e-01	4.8262768867e-01	8.9047373082e-01	3.4781243296e-01	8.0895304366e-01	5.5114913756e-01	8.8221998533e-01	3.7055629168e-01	8.3179591672e-01
3.5663000000e+00																4.9918658020e-01	8.9157264035e-01	3.4475731415e-01	8.0562613039e-01	5.5845643339e-01	8.7938840153e-01	3.7825761516e-01	8.3871812496e-01	4.8241351449e-01	8.9047199878e-01	3.4782700986e-01	8.0899154992e-01	5.5107973320e-01	8.8227002707e-01	3.7043024864e-01	8.3170281272e-01
3.5664000000e+00																4.9941499290e-01	8.9159877946e-01	3.4469397203e-01	8.0557856637e-01	5.5857577274e-01	8.7936324952e-01	3.7833628324e-01	8.3880993330e-01	4.8220520169e-01	8.9047068215e-01	3.4784043004e-01	8.0902880014e-01	5.5101308212e-01	8.8231903407e-01	3.7030700183e-01	8.3161217561e-01
3.5665000000e+00																4.9963795771e-01	8.9162453252e-01	3.4463169934e-01	8.0553215499e-01	5.5869258974e-01	8.7933904915e-01	3.7841237568e-01	8.3889946754e-01	4.8200231369e-01	8.9046975104e-01	3.4785277666e-01	8.0906488479e-01	5.5094898611e-01	8.8236708220e-01	3.7018634562e-01	8.3152382259e-01
3.5666000000e+00																4.9985585967e-01	8.9164992590e-01	3.4457042275e-01	8.0548681646e-01	5.5880705920e-01	8.7931573346e-01	3.7848607386e-01	8.3898688890e-01	4.8180446545e-01	8.9046917907e-01	3.4786412312e-01	8.0909988373e-01	5.5088727022e-01	8.8241423840e-01	3.7006809866e-01	8.3143759243e-01
3.5667000000e+00																5.0006904037e-01	8.9167498300e-01	3.4451007713e-01	8.0544247995e-01	5.5891933630e-01	8.7929324307e-01	3.7855753876e-01	8.3907234043e-01	4.8161131538e-01	8.9046894279e-01	3.4787453463e-01	8.0913386787e-01	5.5082777907e-01	8.8246056207e-01	3.6995209997e-01	8.3135334211e-01
3.5668000000e+00																5.0027780454e-01	8.9169972473e-01	3.4445060431e-01	8.0539908221e-01	5.5902955961e-01	8.7927152496e-01	3.7862691401e-01	8.3915594973e-01	4.8142255872e-01	8.9046902126e-01	3.4788406945e-01	8.0916690053e-01	5.5077037394e-01	8.8250610621e-01	3.6983820594e-01	8.3127094400e-01
3.5669000000e+00																5.0048242542e-01	8.9172416986e-01	3.4439195211e-01	8.0535656647e-01	5.5913785348e-01	8.7925053159e-01	3.7869432841e-01	8.3923783123e-01	4.8123792224e-01	8.9046939569e-01	3.4789277985e-01	8.0919903855e-01	5.5071493031e-01	8.8255091837e-01	3.6972628775e-01	8.3119028368e-01
3.5670000000e+00																5.0068314908e-01	8.9174833531e-01	3.4433407344e-01	8.0531488158e-01	5.5924432996e-01	8.7923022012e-01	3.7875989802e-01	8.3931808797e-01	4.8105715987e-01	8.9047004914e-01	3.4790071297e-01	8.0923033316e-01	5.5066133595e-01	8.8259504138e-01	3.6961622938e-01	8.3111125810e-01
3.5671000000e+00																5.0088019810e-01	8.9177223639e-01	3.4427692571e-01	8.0527398122e-01	5.5934909051e-01	8.7921055179e-01	3.7882372782e-01	8.3939681319e-01	4.8088004899e-01	8.9047096624e-01	3.4790791152e-01	8.0926083075e-01	5.5060948924e-01	8.8263851400e-01	3.6950792583e-01	8.3103377405e-01
3.5672000000e+00																5.0107377461e-01	8.9179588705e-01	3.4422047018e-01	8.0523382331e-01	5.5945222733e-01	8.7919149141e-01	3.7888591318e-01	8.3947409151e-01	4.8070638751e-01	8.9047213305e-01	3.4791441429e-01	8.0929057346e-01	5.5055929781e-01	8.8268137141e-01	3.6940128175e-01	8.3095774688e-01
3.5673000000e+00																5.0126406277e-01	8.9181929997e-01	3.4416467150e-01	8.0519436946e-01	5.5955382449e-01	8.7917300688e-01	3.7894654102e-01	8.3955000008e-01	4.8053599123e-01	8.9047353682e-01	3.4792025671e-01	8.0931959977e-01	5.5051067741e-01	8.8272364573e-01	3.6929621023e-01	8.3088309944e-01
3.5674000000e+00																5.0145123100e-01	8.9184248680e-01	3.4410949736e-01	8.0515558454e-01	5.5965395894e-01	8.7915506885e-01	3.7900569082e-01	8.3962460943e-01	4.8036869174e-01	8.9047516591e-01	3.4792547120e-01	8.0934794487e-01	5.5046355094e-01	8.8276536628e-01	3.6919263178e-01	8.3080976121e-01
3.5675000000e+00																5.0163543373e-01	8.9186545821e-01	3.4405491805e-01	8.0511743632e-01	5.5975270131e-01	8.7913765039e-01	3.7906343553e-01	8.3969798426e-01	4.8020433459e-01	8.9047700959e-01	3.4793008751e-01	8.0937564107e-01	5.5041784760e-01	8.8280656000e-01	3.6909047347e-01	8.3073766750e-01
3.5676000000e+00																5.0181681305e-01	8.9188822403e-01	3.4400090623e-01	8.0507989512e-01	5.5985011660e-01	8.7912072674e-01	3.7911984224e-01	8.3977018406e-01	4.8004277769e-01	8.9047905802e-01	3.4793413308e-01	8.0940271813e-01	5.5037350221e-01	8.8284725166e-01	3.6898966822e-01	8.3066675879e-01
3.5677000000e+00																5.0199550000e-01	8.9191079335e-01	3.4394743667e-01	8.0504293352e-01	5.5994626483e-01	8.7910427502e-01	3.7917497285e-01	8.3984126373e-01	4.7988389001e-01	8.9048130208e-01	3.4793763323e-01	8.0942920352e-01	5.5033045459e-01	8.8288746412e-01	3.6889015412e-01	8.3059698020e-01
3.5678000000e+00																5.0217161575e-01	8.9193317456e-01	3.4389448600e-01	8.0500652619e-01	5.6004120153e-01	8.7908827409e-01	3.7922888463e-01	8.3991127402e-01	4.7972755037e-01	8.9048373334e-01	3.4794061138e-01	8.0945512266e-01	5.5028864905e-01	8.8292721853e-01	3.6879187391e-01	8.3052828097e-01
3.5679000000e+00																5.0234527260e-01	8.9195537547e-01	3.4384203254e-01	8.0497064959e-01	5.6013497822e-01	8.7907270434e-01	3.7928163066e-01	8.3998026197e-01	4.7957364646e-01	8.9048634396e-01	3.4794308931e-01	8.0948049914e-01	5.5024803389e-01	8.8296653449e-01	3.6869477453e-01	8.3046061405e-01
3.5680000000e+00																5.0251657488e-01	8.9197740332e-01	3.4379005613e-01	8.0493528186e-01	5.6022764279e-01	8.7905754757e-01	3.7933326026e-01	8.4004827130e-01	4.7942207392e-01	8.9048912668e-01	3.4794508725e-01	8.0950535492e-01	5.5020856107e-01	8.8300543021e-01	3.6859880665e-01	8.3039393575e-01
3.5681000000e+00																5.0268561974e-01	8.9199926489e-01	3.4373853799e-01	8.0490040263e-01	5.6031923987e-01	8.7904278679e-01	3.7938381937e-01	8.4011534269e-01	4.7927273564e-01	8.9049207471e-01	3.4794662406e-01	8.0952971042e-01	5.5017018579e-01	8.8304392267e-01	3.6850392434e-01	8.3032820536e-01
3.5682000000e+00																5.0285249777e-01	8.9202096647e-01	3.4368746058e-01	8.0486599287e-01	5.6040981111e-01	8.7902840618e-01	3.7943335085e-01	8.4018151409e-01	4.7912554101e-01	8.9049518169e-01	3.4794771736e-01	8.0955358475e-01	5.5013286623e-01	8.8308202768e-01	3.6841008475e-01	8.3026338494e-01
3.5683000000e+00																5.0301729364e-01	8.9204251398e-01	3.4363680749e-01	8.0483203480e-01	5.6049939547e-01	8.7901439094e-01	3.7948189476e-01	8.4024682097e-01	4.7898040535e-01	8.9049844171e-01	3.4794838363e-01	8.0957699576e-01	5.5009656326e-01	8.8311976006e-01	3.6831724782e-01	8.3019943901e-01
3.5684000000e+00																5.0318008663e-01	8.9206391295e-01	3.4358656333e-01	8.0479851174e-01	5.6058802946e-01	8.7900072720e-01	3.7952948862e-01	8.4031129655e-01	4.7883724939e-01	8.9050184919e-01	3.4794863834e-01	8.0959996019e-01	5.5006124023e-01	8.8315713366e-01	3.6822537604e-01	8.3013633436e-01
3.5685000000e+00																5.0334095109e-01	8.9208516857e-01	3.4353671368e-01	8.0476540806e-01	5.6067574734e-01	8.7898740198e-01	3.7957616762e-01	8.4037497197e-01	4.7869599876e-01	8.9050539892e-01	3.4794849600e-01	8.0962249375e-01	5.5002686269e-01	8.8319416147e-01	3.6813443422e-01	8.3007403983e-01
3.5686000000e+00																5.0349995684e-01	8.9210628573e-01	3.4348724495e-01	8.0473270904e-01	5.6076258131e-01	8.7897440303e-01	3.7962196483e-01	8.4043787650e-01	4.7855658365e-01	8.9050908597e-01	3.4794797025e-01	8.0964461124e-01	5.4999339829e-01	8.8323085573e-01	3.6804438929e-01	8.3001252618e-01
3.5687000000e+00																5.0365716960e-01	8.9212726903e-01	3.4343814436e-01	8.0470040083e-01	5.6084856170e-01	8.7896171887e-01	3.7966691137e-01	8.4050003765e-01	4.7841893833e-01	8.9051290573e-01	3.4794707396e-01	8.0966632655e-01	5.4996081654e-01	8.8326722792e-01	3.6795521014e-01	8.2995176586e-01
3.5688000000e+00																5.0480209578e-01	8.9211770303e-01	3.4347454144e-01	8.0476361780e-01	5.6072677708e-01	8.7903918830e-01	3.7946798348e-01	8.4035259135e-01	4.7879061327e-01	8.9059461784e-01	3.4772904190e-01	8.0945221622e-01	5.5044930618e-01	8.8311693116e-01	3.6837659321e-01	8.3037153493e-01
3.5689000000e+00																5.0569591776e-01	8.9210921247e-01	3.4350792943e-01	8.0482346644e-01	5.6061228495e-01	8.7911339999e-01	3.7927781658e-01	8.4021240254e-01	4.7914452945e-01	8.9067270462e-01	3.4752105886e-01	8.0924869067e-01	5.5091413117e-01	8.8297352343e-01	3.6877900645e-01	8.3077229239e-01
3.5690000000e+00																5.0628478040e-01	8.9210902998e-01	3.4351806522e-01	8.0485733919e-01	5.6055428778e-01	8.7916311311e-01	3.7915390583e-01	8.4012911462e-01	4.7936018966e-01	8.9072959968e-01	3.4737212599e-01	8.0910918877e-01	5.5123743711e-01	8.8288039366e-01	3.6904389421e-01	8.3104342863e-01
3.5691000000e+00																5.0675553160e-01	8.9211211624e-01	3.4351905193e-01	8.0488099268e-01	5.6051851885e-01	8.7920320293e-01	3.7905601883e-01	8.4006818041e-01	4.7952155037e-01	8.9077823760e-01	3.4724619426e-01	8.0899460151e-01	5.5150567028e-01	8.8280676992e-01	3.6925543447e-01	8.3126429987e-01
3.5692000000e+00																5.0715825780e-01	8.9211711186e-01	3.4351469367e-01	8.0489867571e-01	5.6049573783e-01	8.7923767635e-01	3.7897331883e-01	8.4002029449e-01	4.7965122266e-01	8.9082209158e-01	3.4713358459e-01	8.0889443128e-01	5.5174203487e-01	8.8274440151e-01	3.6943619612e-01	8.3145617995e-01
3.5693000000e+00																5.0751530131e-01	8.9212340681e-01	3.4350669730e-01	8.0491229408e-01	5.6048179977e-01	8.7926832890e-01	3.7890094997e-01	8.3998128718e-01	4.7975933708e-01	8.9086271334e-01	3.4702997292e-01	8.0880398969e-01	5.5195689447e-01	8.8268960725e-01	3.6959624821e-01	8.3162855922e-01
3.5694000000e+00																5.0783894371e-01	8.9213066380e-01	3.4349600662e-01	8.0492290130e-01	5.6047441340e-01	8.7929615210e-01	3.7883623088e-01	8.3994885595e-01	4.7985148708e-01	8.9090095719e-01	3.4693297888e-01	8.0872069646e-01	5.5215595281e-01	8.8264036316e-01	3.6974112654e-01	8.3178665483e-01
3.5695000000e+00																5.0813679632e-01	8.9213867249e-01	3.4348321005e-01	8.0493115399e-01	5.6047215053e-01	8.7932176331e-01	3.7877749208e-01	8.3992156721e-01	4.7993115483e-01	8.9093735337e-01	3.4684112510e-01	8.0864295060e-01	5.5234274893e-01	8.8259541467e-01	3.6987426240e-01	8.3193370028e-01
3.5696000000e+00																5.0841396338e-01	8.9214729095e-01	3.4346870464e-01	8.0493749508e-01	5.6047404777e-01	8.7934557852e-01	3.7872360866e-01	8.3989845493e-01	4.8000068638e-01	8.9097225800e-01	3.4675341942e-01	8.0856967718e-01	5.5251965903e-01	8.8255392026e-01	3.6999795720e-01	8.3207186407e-01
3.5697000000e+00																5.0884621114e-01	8.9214565151e-01	3.4348291662e-01	8.0497592659e-01	5.6040607568e-01	8.7939954316e-01	3.7858805554e-01	8.3980455114e-01	4.8024197542e-01	8.9103146217e-01	3.4659786394e-01	8.0842205087e-01	5.5286028082e-01	8.8245051110e-01	3.7029071593e-01	8.3236658815e-01
3.5698000000e+00																5.0940983882e-01	8.9213391182e-01	3.4352540666e-01	8.0504595172e-01	5.6026928402e-01	8.7948310633e-01	3.7837228356e-01	8.3964087264e-01	4.8065242833e-01	8.9111372201e-01	3.4637789552e-01	8.0820360894e-01	5.5335660941e-01	8.8228703725e-01	3.7074736617e-01	8.3281205248e-01
3.5699000000e+00																5.0979801058e-01	8.9213228599e-01	3.4353958169e-01	8.0508433887e-01	5.6020136750e-01	8.7953695182e-01	3.7823698168e-01	8.3954683214e-01	4.8089390637e-01	8.9117183366e-01	3.4622531123e-01	8.0805880665e-01	5.5369067480e-01	8.8218409011e-01	3.7103870339e-01	8.3310393590e-01
3.5700000000e+00																5.0745828717e-01	8.9230141501e-01	3.4307557122e-01	8.0458776343e-01	5.6129787089e-01	8.7908597856e-01	3.7946894047e-01	8.4063598137e-01	4.7826264766e-01	8.9081313042e-01	3.4723639661e-01	8.0918791488e-01	5.5121811486e-01	8.8313483582e-01	3.6845148037e-01	8.3072110353e-01
3.5701000000e+00																5.1056441446e-01	8.9212655237e-01	3.4357488159e-01	8.0516887404e-01	5.6004857839e-01	8.7965182001e-01	3.7794683561e-01	8.3934130978e-01	4.8141897221e-01	8.9129240658e-01	3.4590789065e-01	8.0775519552e-01	5.5438918916e-01	8.8196398767e-01	3.7165994863e-01	8.3372128032e-01
3.5702000000e+00																5.1102770934e-01	8.9211582665e-01	3.4361453626e-01	8.0523571335e-01	5.5991860492e-01	8.7973212795e-01	3.7773969498e-01	8.3918414209e-01	4.8181319121e-01	8.9136912060e-01	3.4570322089e-01	8.0755247762e-01	5.5485004272e-01	8.8180895624e-01	3.7209310212e-01	8.3414090491e-01
3.5703000000e+00																4.9971371918e-01	8.9257470739e-01	3.4233856938e-01	8.0382760052e-01	5.6299628394e-01	8.7840615095e-01	3.8133940481e-01	8.4230397334e-01	4.7423577211e-01	8.9020505114e-01	3.4896118648e-01	8.1112673440e-01	5.4697051390e-01	8.8469809997e-01	3.6419691982e-01	8.2672982584e-01
3.5704000000e+00																4.9528027250e-01	8.9252046638e-01	3.4250020106e-01	8.0403199112e-01	5.6256846351e-01	8.7862255300e-01	3.8076517361e-01	8.4183982377e-01	4.7538281775e-01	8.9043631739e-01	3.4832637477e-01	8.1046334578e-01	5.4845810902e-01	8.8421602839e-01	3.6553056662e-01	8.2803992539e-01
3.5705000000e+00																5.1228739189e-01	8.9208592591e-01	3.4372713164e-01	8.0542907189e-01	5.5954405944e-01	8.7996581005e-01	3.7713757299e-01	8.3872767420e-01	4.8295855073e-01	8.9158808755e-01	3.4512013718e-01	8.0697666040e-01	5.5616011065e-01	8.8136379286e-01	3.7333739809e-01	8.3534198773e-01
3.5706000000e+00																5.1264361079e-01	8.9207920069e-01	3.4375558871e-01	8.0548338428e-01	5.5944125782e-01	8.8003413066e-01	3.7696273696e-01	8.3859765700e-01	4.8328651820e-01	8.9165258690e-01	3.4494942163e-01	8.0681034138e-01	5.5654018994e-01	8.8123553063e-01	3.7369710423e-01	8.3569028387e-01
3.5707000000e+00																4.8990932358e-01	8.9231142508e-01	3.4311479657e-01	8.0478947853e-01	5.6096901674e-01	8.7940191897e-01	3.7868767439e-01	8.4012614949e-01	4.7959572262e-01	8.9118839427e-01	3.4625663561e-01	8.0827428521e-01	5.5334054221e-01	8.8251559636e-01	3.7021666947e-01	8.3253115441e-01
3.5708000000e+00																5.1338056525e-01	8.9206068566e-01	3.4382668571e-01	8.0560781629e-01	5.5920107265e-01	8.8018517799e-01	3.7657382005e-01	8.3830235461e-01	4.8402735642e-01	8.9178899843e-01	3.4458713025e-01	8.0645389597e-01	5.5735192324e-01	8.8095477074e-01	3.7448216043e-01	8.3644301708e-01
3.5709000000e+00																4.9911647965e-01	8.9272221253e-01	3.4198246406e-01	8.0356126367e-01	5.6366856184e-01	8.7824969350e-01	3.8182622910e-01	8.4285723821e-01	4.7296182775e-01	8.9011444800e-01	3.4927229100e-01	8.1159828617e-01	5.4601384962e-01	8.8516442500e-01	3.6297614913e-01	8.2567943954e-01
3.5710000000e+00																5.0852163132e-01	8.9249068041e-01	3.4264125595e-01	8.0432570387e-01	5.6202492736e-01	8.7901203585e-01	3.7977540963e-01	8.4113493695e-01	4.7718185557e-01	8.9089069559e-01	3.4711714131e-01	8.0928441535e-01	5.5115939015e-01	8.8340368169e-01	3.6781877383e-01	8.3035792883e-01
3.5711000000e+00																4.7579445322e-01	8.9068266217e-01	3.4770749896e-01	8.0995045672e-01	5.4970197411e-01	8.8395336084e-01	3.6632278341e-01	8.2896087774e-01	5.0632748828e-01	8.9263202348e-01	3.4225456016e-01	8.0391309109e-01	5.6293689456e-01	8.7862968471e-01	3.8082053933e-01	8.4205201036e-01
3.5712000000e+00																4.8282711340e-01	8.9174682443e-01	3.4474374053e-01	8.0671798780e-01	5.5683606008e-01	8.8126381792e-01	3.7368287258e-01	8.3581787323e-01	4.9006276261e-01	8.9244734869e-01	3.4278191236e-01	8.0452876729e-01	5.6161487539e-01	8.7924232179e-01	3.7917309339e-01	8.4066354637e-01
3.5713000000e+00																4.9247623852e-01	8.9262283947e-01	3.4229948366e-01	8.0400872302e-01	5.6276079819e-01	8.7875794290e-01	3.8049494701e-01	8.4182163015e-01	4.7554706954e-01	8.9068955614e-01	3.4770773466e-01	8.0999607452e-01	5.4963176178e-01	8.8402777465e-01	3.6613920529e-01	8.2883190255e-01
3.5714000000e+00																4.7351304505e-01	8.9034445296e-01	3.4868009639e-01	8.1107310698e-01	5.4725820088e-01	8.8487385827e-01	3.6382606515e-01	8.2662431362e-01	5.1184075435e-01	8.9234927735e-01	3.4307598595e-01	8.0490375292e-01	5.6083016139e-01	8.7963471810e-01	3.7813083497e-01	8.3980723369e-01
3.5715000000e+00																4.7616435667e-01	8.9084589551e-01	3.4729082410e-01	8.0958728998e-01	5.5056711784e-01	8.8374255519e-01	3.6694180775e-01	8.2964344067e-01	5.0477867403e-01	8.9279344221e-01	3.4184009295e-01	8.0353551254e-01	5.6381910697e-01	8.7832871474e-01	3.8167686053e-01	8.4287269521e-01
3.5716000000e+00																5.0021420374e-01	8.9289983612e-01	3.4155110357e-01	8.0323122190e-01	5.6449433038e-01	8.7804386318e-01	3.8245706245e-01	8.4355355231e-01	4.7134746893e-01	8.8996783235e-01	3.4974925050e-01	8.1227010236e-01	5.4462393774e-01	8.8578788785e-01	3.6133057728e-01	8.2422095786e-01
3.5717000000e+00																4.8095928936e-01	8.9163008494e-01	3.4511864333e-01	8.0724622232e-01	5.5575565875e-01	8.8182167949e-01	3.7221473286e-01	8.3460244461e-01	4.9304176854e-01	8.9275206905e-01	3.4197531763e-01	8.0373322108e-01	5.6342185398e-01	8.7855843836e-01	3.8107720520e-01	8.4241176442e-01
3.5718000000e+00																4.9133264278e-01	8.9268167538e-01	3.4218237549e-01	8.0398931117e-01	5.6288174324e-01	8.7882669693e-01	3.8036217389e-01	8.4182607854e-01	4.7560278623e-01	8.9082397878e-01	3.4738118680e-01	8.0975384084e-01	5.5024492696e-01	8.8393280272e-01	3.6645097479e-01	8.2924572496e-01
3.5719000000e+00																4.8787167102e-01	8.9244958650e-01	3.4284282806e-01	8.0475486829e-01	5.6123289530e-01	8.7958227716e-01	3.7832598554e-01	8.4009457144e-01	4.7983362424e-01	8.9152237002e-01	3.4543928401e-01	8.0764582758e-01	5.5490911253e-01	8.8220568350e-01	3.7118761709e-01	8.3370778493e-01
3.5720000000e+00																5.1730606053e-01	8.9193018696e-01	3.4430768238e-01	8.0641437078e-01	5.5762575364e-01	8.8113836143e-01	3.7410823862e-01	8.3638831649e-01	4.8880284068e-01	8.9255215558e-01	3.4256481999e-01	8.0446499415e-01	5.6187941254e-01	8.7932259162e-01	3.7904053494e-01	8.4073738151e-01
3.5721000000e+00																4.7630209424e-01	8.9101894173e-01	3.4686586713e-01	8.0925903121e-01	5.5138525385e-01	8.8359306887e-01	3.6741319468e-01	8.3023012198e-01	5.0348058848e-01	8.9298172581e-01	3.4136903382e-01	8.0313744920e-01	5.6477646834e-01	8.7803650108e-01	3.8253048739e-01	8.4373328350e-01
3.5722000000e+00																4.8642064084e-01	8.9239128991e-01	3.4303506387e-01	8.0503816793e-01	5.6066292028e-01	8.7990434009e-01	3.7748399172e-01	8.3943066257e-01	4.8148549737e-01	8.9182549697e-01	3.4462006446e-01	8.0680664557e-01	5.5679767888e-01	8.8152616737e-01	3.7307265063e-01	8.3549988608e-01
3.5723000000e+00																4.9175529642e-01	8.9283217242e-01	3.4180796763e-01	8.0367919594e-01	5.6363372862e-01	8.7860985916e-01	3.8100213665e-01	8.4248947628e-01	4.7404763453e-01	8.9066896567e-01	3.4786256942e-01	8.1039126658e-01	5.4890983572e-01	8.8452944386e-01	3.6486438665e-01	8.2783896488e-01
3.5724000000e+00																4.8558501832e-01	8.9235768494e-01	3.4314847910e-01	8.0521038764e-01	5.6031886270e-01	8.8010230417e-01	3.7696764434e-01	8.3902472217e-01	4.8249633816e-01	8.9200549460e-01	3.4413533723e-01	8.0631285353e-01	5.5791040951e-01	8.8111954388e-01	3.7420137392e-01	8.3656571856e-01
3.5725000000e+00																4.7481819041e-01	8.9085959367e-01	3.4734980952e-01	8.0987831687e-01	5.5007721916e-01	8.8416614215e-01	3.6588250049e-01	8.2886464312e-01	5.0675214615e-01	8.9296212445e-01	3.4146229636e-01	8.0333305809e-01	5.6441590210e-01	8.7830123833e-01	3.8185799831e-01	8.4326171492e-01
3.5726000000e+00																5.2275750332e-01	8.9129973632e-01	3.4612962313e-01	8.0856479058e-01	5.5299478716e-01	8.8311654058e-01	3.6876990376e-01	8.3162504730e-01	5.0025270053e-01	8.9314977186e-01	3.4094485355e-01	8.0276843738e-01	5.6565430709e-01	8.7775035043e-01	3.8335667387e-01	8.4454239933e-01
3.5727000000e+00																5.2313169365e-01	8.9126333665e-01	3.4624108008e-01	8.0870992165e-01	5.5269020296e-01	8.8325626487e-01	3.6839765802e-01	8.3129877842e-01	5.0103944734e-01	8.9317113987e-01	3.4089436796e-01	8.0273352091e-01	5.6574567421e-01	8.7773202684e-01	3.8341686175e-01	8.4461619020e-01
3.5728000000e+00																5.2389211143e-01	8.9116052790e-01	3.4653816748e-01	8.0905865199e-01	5.5193596789e-01	8.8356292664e-01	3.6756781082e-01	8.3053921631e-01	5.0284954325e-01	8.9317098923e-01	3.4090433282e-01	8.0276731820e-01	5.6568839465e-01	8.7778349236e-01	3.8328867241e-01	8.4453298337e-01
3.5729000000e+00																5.0415919211e-01	8.9316319284e-01	3.4093577841e-01	8.0282553293e-01	5.6557826730e-01	8.7785971089e-01	3.8309362274e-01	8.4439381468e-01	4.6945369387e-01	8.8989120984e-01	3.5009005089e-01	8.1293124387e-01	5.4334532540e-01	8.8651217390e-01	3.5946353593e-01	8.2265844664e-01
3.5730000000e+00																5.2185284859e-01	8.9154372460e-01	3.4548591740e-01	8.0794604805e-01	5.5441966412e-01	8.8266856106e-01	3.7003693170e-01	8.3290060393e-01	4.9728009237e-01	8.9322356731e-01	3.4077568289e-01	8.0266593497e-01	5.6593937454e-01	8.7771459202e-01	3.8349611757e-01	8.4475311854e-01
3.5731000000e+00																4.7104591168e-01	8.9027953010e-01	3.4902715540e-01	8.1183404701e-01	5.4582506637e-01	8.8577171615e-01	3.6152691195e-01	8.2476153600e-01	5.1641994552e-01	8.9231164003e-01	3.4334481412e-01	8.0558809864e-01	5.5960432221e-01	8.8058093615e-01	3.7574058947e-01	8.3810490281e-01
3.5732000000e+00																4.8701561537e-01	8.9269757905e-01	3.4227186629e-01	8.0440534382e-01	5.6219795000e-01	8.7947677213e-01	3.7874983611e-01	8.4076823486e-01	4.7836933251e-01	8.9162815055e-01	3.4526899602e-01	8.0775157619e-01	5.5487853814e-01	8.8253875811e-01	3.7041255692e-01	8.3329559041e-01
3.5733000000e+00																4.7406765964e-01	8.9092200479e-01	3.4725324459e-01	8.0995429632e-01	5.5003211658e-01	8.8438027010e-01	3.6537638538e-01	8.2856423451e-01	5.0757134166e-01	8.9312015981e-01	3.4109485420e-01	8.0309615427e-01	5.6505565290e-01	8.7820194405e-01	3.8221192243e-01	8.4374892425e-01
3.5734000000e+00																5.2230354921e-01	8.9157241822e-01	3.4544429895e-01	8.0799053354e-01	5.5438381978e-01	8.8278131268e-01	3.6976995277e-01	8.3274561769e-01	4.9770441666e-01	8.9333116924e-01	3.4051139896e-01	8.0245480402e-01	5.6645926845e-01	8.7756688409e-01	3.8393770255e-01	8.4521466935e-01
3.5735000000e+00																5.1327249508e-01	8.9274549536e-01	3.4216611228e-01	8.0435362570e-01	5.6235765882e-01	8.7947952525e-01	3.7877416853e-01	8.4085990813e-01	4.7818619805e-01	8.9167457877e-01	3.4516802549e-01	8.0770769773e-01	5.5502162865e-01	8.8255665893e-01	3.7039471407e-01	8.3334902604e-01
3.5736000000e+00																5.2398458736e-01	8.9134424933e-01	3.4610201116e-01	8.0876074571e-01	5.5271728329e-01	8.8346856551e-01	3.6790876428e-01	8.3104748930e-01	5.0176045580e-01	8.9338892468e-01	3.4036808211e-01	8.0233627687e-01	5.6674714321e-01	8.7747896473e-01	3.8419641802e-01	8.4547634584e-01
3.5737000000e+00																4.6681122907e-01	8.8948858905e-01	3.5128984620e-01	8.1439366143e-01	5.4018843310e-01	8.8765308084e-01	3.5638755026e-01	8.1971909669e-01	5.2812031107e-01	8.9059908995e-01	3.4819399251e-01	8.1106885510e-01	5.4762009139e-01	8.8532101663e-01	3.6282959204e-01	8.2618325850e-01
3.5738000000e+00																5.0421606370e-01	8.9338647501e-01	3.4039401906e-01	8.0241077167e-01	5.6661786025e-01	8.7758969252e-01	3.8391912495e-01	8.4529386857e-01	4.6735348940e-01	8.8964106306e-01	3.5087511925e-01	8.1397501342e-01	5.4114369152e-01	8.8740025938e-01	3.5709780929e-01	8.2046930115e-01
3.5739000000e+00																4.7152392277e-01	8.9057697104e-01	3.4827523156e-01	8.1120237329e-01	5.4735380284e-01	8.8546094867e-01	3.6246442711e-01	8.2587098676e-01	5.1395576854e-01	8.9277893481e-01	3.4211053523e-01	8.0438094996e-01	5.6236116089e-01	8.7957640887e-01	3.7855374172e-01	8.4076285681e-01
3.5740000000e+00																5.0707714116e-01	8.9332099290e-01	3.4059718406e-01	8.0268731287e-01	5.6605151610e-01	8.7790734287e-01	3.8308290770e-01	8.4464482647e-01	4.6898007839e-01	8.9006097019e-01	3.4972461889e-01	8.1278946534e-01	5.4382966983e-01	8.8663420319e-01	3.5923701070e-01	8.2268398073e-01
3.5741000000e+00																5.2942346401e-01	8.9043075783e-01	3.4870286100e-01	8.1171090498e-01	5.4625226170e-01	8.8587902897e-01	3.6133212799e-01	8.2479942195e-01	5.1647651962e-01	8.9255471870e-01	3.4275902363e-01	8.0515636163e-01	5.6070336034e-01	8.8035480621e-01	3.7646074427e-01	8.3897727271e-01
3.5742000000e+00																4.8483310597e-01	8.9272781007e-01	3.4228278835e-01	8.0464277988e-01	5.6183842236e-01	8.7988229323e-01	3.7775520821e-01	8.4013790893e-01	4.8003723043e-01	8.9212563781e-01	3.4397201594e-01	8.0653705956e-01	5.5770040821e-01	8.8165028331e-01	3.7294296952e-01	8.3584994163e-01
3.5743000000e+00																5.0352609674e-01	8.9353055945e-01	3.4003637955e-01	8.0211452533e-01	5.6733724980e-01	8.7736803289e-01	3.8457097437e-01	8.4595152735e-01	4.6579398581e-01	8.8939288526e-01	3.5161526053e-01	8.1487595213e-01	5.3919435960e-01	8.8808416811e-01	3.5525210201e-01	8.1868643092e-01
3.5744000000e+00																5.0844105293e-01	8.9334531909e-01	3.4056690165e-01	8.0274263792e-01	5.6599514216e-01	8.7803220555e-01	3.8278839937e-01	8.4449289356e-01	4.6940681569e-01	8.9025456560e-01	3.4922379132e-01	8.1234150233e-01	5.4489149401e-01	8.8639670386e-01	3.5993345585e-01	8.2347514466e-01
3.5745000000e+00																5.2695560020e-01	8.9102775264e-01	3.4707428694e-01	8.1003076461e-01	5.5004736640e-01	8.8467181086e-01	3.6469764880e-01	8.2818760706e-01	5.0862595166e-01	8.9335903203e-01	3.4053786778e-01	8.0273200058e-01	5.6603399891e-01	8.7803843203e-01	3.8278228101e-01	8.4451139272e-01
3.5746000000e+00																4.6443272301e-01	8.8912801950e-01	3.5238186762e-01	8.1575548745e-01	5.3725691854e-01	8.8868817646e-01	3.5360479920e-01	8.1704076415e-01	5.3434963101e-01	8.8943233964e-01	3.5153493192e-01	8.1485910848e-01	5.3927753148e-01	8.8813537708e-01	3.5513983102e-01	8.1863891870e-01
