0.0000000000e+00	0.0000000000e+00
2.9999859514e-03	0.0000000000e+00
5.9999719028e-03	0.0000000000e+00
8.9999578542e-03	0.0000000000e+00
1.1999943806e-02	0.0000000000e+00
1.4999929757e-02	0.0000000000e+00
1.7999915708e-02	0.0000000000e+00
2.0999901660e-02	0.0000000000e+00
2.3999887611e-02	0.0000000000e+00
2.6999873563e-02	0.0000000000e+00
2.9999859514e-02	0.0000000000e+00
5.9999719028e-02	0.0000000000e+00
8.9999578542e-02	0.0000000000e+00
1.1999943806e-01	0.0000000000e+00
1.4999929757e-01	0.0000000000e+00
1.7999915708e-01	0.0000000000e+00
2.0999901660e-01	0.0000000000e+00
2.3999887611e-01	0.0000000000e+00
2.6999873563e-01	0.0000000000e+00
2.9999859514e-01	0.0000000000e+00
3.2999845465e-01	0.0000000000e+00
3.5999831417e-01	0.0000000000e+00
3.8999817368e-01	0.0000000000e+00
4.1999803320e-01	0.0000000000e+00
4.4999789271e-01	0.0000000000e+00
4.7999775222e-01	0.0000000000e+00
5.0999761174e-01	4.9406564584e-324
5.3999747125e-01	4.9406564584e-324
5.6999733077e-01	4.9406564584e-324
5.9999719028e-01	4.9406564584e-324
6.2999704979e-01	4.9406564584e-324
6.5999690931e-01	4.9406564584e-324
6.8999676882e-01	4.9406564584e-324
7.1999662834e-01	4.8188520469e-287
7.4999648785e-01	1.3462637639e-251
7.7999634736e-01	1.5087302065e-217
8.0999620688e-01	8.6057063920e-185
8.3999606639e-01	3.0809892700e-153
8.6999592591e-01	8.3145087228e-123
8.9999578542e-01	1.9758310035e-93
9.2999564493e-01	4.6550803109e-65
9.5999550445e-01	1.1278649992e-37
9.8999536396e-01	1.7326273965e-11
1.0199952235e+00	1.9603252070e-02
1.0499950830e+00	4.7614587725e-02
1.0799949425e+00	7.4069738066e-02
1.1099948020e+00	9.9094880281e-02
1.1399946615e+00	1.2280290975e-01
1.1699945210e+00	1.4529514283e-01
1.1999943806e+00	1.6666276426e-01
1.2299942401e+00	1.8698806269e-01
1.2599940996e+00	2.0634548977e-01
1.2899939591e+00	2.2480257140e-01
1.3199938186e+00	2.4242069478e-01
1.3499936781e+00	2.5925579045e-01
1.3799935376e+00	2.7535892544e-01
1.4099933972e+00	2.9077682065e-01
1.4399932567e+00	3.0555230355e-01
1.4699931162e+00	3.1972470552e-01
1.4999929757e+00	3.3333021141e-01
1.5299928352e+00	3.4640216805e-01
1.5599926947e+00	3.5897135712e-01
1.5899925542e+00	3.7106623718e-01
1.6199924138e+00	3.8271315871e-01
1.6499922733e+00	3.9393655583e-01
1.6799921328e+00	4.0475911733e-01
1.7099919923e+00	4.1520193983e-01
1.7399918518e+00	4.2528466501e-01
1.7699917113e+00	4.3502560289e-01
1.7999915708e+00	4.4444184284e-01
1.8299914304e+00	4.5354935361e-01
1.8599912899e+00	4.6236307372e-01
1.8899911494e+00	4.7089699318e-01
1.9199910089e+00	4.7916422766e-01
1.9499908684e+00	4.8717708570e-01
1.9799907279e+00	4.9494712985e-01
2.0099905874e+00	5.0248523239e-01
2.0399904470e+00	5.0980162604e-01
2.0699903065e+00	5.1690595030e-01
2.0999901660e+00	5.2380729386e-01
2.1299900255e+00	5.3051423339e-01
2.1599898850e+00	5.3703486903e-01
2.1899897445e+00	5.4337685713e-01
2.2199896040e+00	5.4954744014e-01
2.2499894635e+00	5.5555347427e-01
2.2799893231e+00	5.6140145487e-01
2.3099891826e+00	5.6709753988e-01
2.3399890421e+00	5.7264757142e-01
2.3699889016e+00	5.7805709583e-01
2.3999887611e+00	5.8333138213e-01
2.4299886206e+00	5.8847543914e-01
2.4599884801e+00	5.9349403135e-01
2.4899883397e+00	5.9839169362e-01
2.5199881992e+00	6.0317274489e-01
2.5499880587e+00	6.0784130083e-01
2.5799879182e+00	6.1240128570e-01
2.6099877777e+00	6.1685644334e-01
2.6399876372e+00	6.2121034739e-01
2.6699874967e+00	6.2546641090e-01
2.6999873563e+00	6.2962789523e-01
2.7299872158e+00	6.3369791836e-01
2.7599870753e+00	6.3767946272e-01
2.7899869348e+00	6.4157538248e-01
2.8199867943e+00	6.4538841032e-01
2.8499866538e+00	6.4912116390e-01
2.8799865133e+00	6.5277615177e-01
2.9099863729e+00	6.5635577908e-01
2.9399862324e+00	6.5986235276e-01
2.9699860919e+00	6.6329808657e-01
2.9999859515e+00		6.7180312042e-01	6.6144796597e-01
3.0004354498e+00		6.7427526223e-01	6.5898003595e-01
3.0008849482e+00		6.7667027796e-01	6.5655645435e-01
3.0013344465e+00		6.7879285650e-01	6.5439029691e-01
3.0017839448e+00		6.8064632315e-01	6.5248848836e-01
3.0022334431e+00		6.8228936023e-01	6.5079591222e-01
3.0026829415e+00		6.8377396881e-01	6.4926150990e-01
3.0031324398e+00		6.8513675534e-01	6.4784888911e-01
3.0035819381e+00		6.8640280562e-01	6.4653300866e-01
3.0040314365e+00		6.8758977607e-01	6.4529622092e-01
3.0044809348e+00		6.8871055637e-01	6.4412563785e-01
3.0089759181e+00		6.9769103421e-01	6.3464794995e-01
3.0134709014e+00		7.0450155465e-01	6.2734170275e-01
3.0179658847e+00		7.1018711821e-01	6.2116188910e-01
3.0224608680e+00		7.1515239316e-01	6.1570383417e-01
3.0269558513e+00		7.1960500422e-01	6.1075990665e-01
3.0314508345e+00		7.2366837028e-01	6.0620668116e-01
3.0359458178e+00		7.2742296719e-01	6.0196367539e-01
3.0404408011e+00		7.3092474029e-01	5.9797493755e-01
3.0449357844e+00		7.3421445879e-01	5.9419969205e-01
3.0494307677e+00		7.3732292811e-01	5.9060712709e-01
3.0539257510e+00		7.4027410326e-01	5.8717328137e-01
3.0584207343e+00		7.4308705243e-01	5.8387908038e-01
3.0629157176e+00		7.4577725091e-01	5.8070904261e-01
3.0674107009e+00		7.4835746492e-01	5.7765039562e-01
3.0719056842e+00		7.5083837399e-01	5.7469245371e-01
3.0764006675e+00		7.5322902059e-01	5.7182616828e-01
3.0808956508e+00		7.5553714226e-01	5.6904379567e-01
3.0853906340e+00		7.5776942174e-01	5.6633864709e-01
3.0898856173e+00		7.5993167861e-01	5.6370489693e-01
3.0943806006e+00		7.6202901825e-01	5.6113743380e-01
3.0988755839e+00		7.6406594935e-01	5.5863174306e-01
3.1033705672e+00		7.6604647753e-01	5.5618381316e-01
3.1078655505e+00		7.6797418093e-01	5.5379006007e-01
3.1123605338e+00		7.6985227176e-01	5.5144726573e-01
3.1168555171e+00		7.7168364688e-01	5.4915252744e-01
3.1213505004e+00		7.7347092970e-01	5.4690321600e-01
3.1258454837e+00		7.7521650522e-01	5.4469694067e-01
3.1303404670e+00		7.7692254943e-01	5.4253151972e-01
3.1348354503e+00		7.7859105424e-01	5.4040495555e-01
3.1393304336e+00		7.8022384871e-01	5.3831541346e-01
3.1438254168e+00		7.8182261715e-01	5.3626120349e-01
3.1483204001e+00		7.8338891483e-01	5.3424076477e-01
3.1528153834e+00		7.8492418147e-01	5.3225265205e-01
3.1573103667e+00		7.8642975297e-01	5.3029552388e-01
3.1618053500e+00		7.8790687169e-01	5.2836813240e-01
3.1663003333e+00		7.8935669541e-01	5.2646931436e-01
3.1707953166e+00		7.9078030527e-01	5.2459798319e-01
3.1752902999e+00		7.9217871269e-01	5.2275312205e-01
3.1797852832e+00		7.9355286560e-01	5.2093377766e-01
3.1842802665e+00		7.9490365387e-01	5.1913905478e-01
3.1887752498e+00		7.9623191427e-01	5.1736811134e-01
3.1932702331e+00		7.9753843477e-01	5.1562015408e-01
3.1977652163e+00		7.9882395852e-01	5.1389443459e-01
3.2022601996e+00		8.0008918734e-01	5.1219024583e-01
3.2067551829e+00		8.0133478489e-01	5.1050691894e-01
3.2112501662e+00		8.0256137954e-01	5.0884382038e-01
3.2157451495e+00		8.0376956697e-01	5.0720034933e-01
3.2202401328e+00		8.0495991254e-01	5.0557593533e-01
3.2247351161e+00		8.0613295337e-01	5.0397003618e-01
3.2292300994e+00		8.0728920035e-01	5.0238213592e-01
3.2337250827e+00		8.0842913988e-01	5.0081174313e-01
3.2382200660e+00		8.0955323552e-01	4.9925838927e-01
3.2427150493e+00		8.1066192944e-01	4.9772162718e-01
3.2472100326e+00		8.1175564384e-01	4.9620102973e-01
3.2517050159e+00		8.1283478215e-01	4.9469618856e-01
3.2561999991e+00		8.1389973023e-01	4.9320671294e-01
3.2606949824e+00		8.1495085740e-01	4.9173222868e-01
3.2651899657e+00		8.1598851746e-01	4.9027237716e-01
3.2696849490e+00		8.1701304954e-01	4.8882681442e-01
3.2741799323e+00		8.1802477900e-01	4.8739521033e-01
3.2786749156e+00		8.1902401820e-01	4.8597724778e-01
3.2831698989e+00		8.2001106718e-01	4.8457262200e-01
3.2876648822e+00		8.2098621438e-01	4.8318103983e-01
3.2921598655e+00		8.2194973725e-01	4.8180221917e-01
3.2966548488e+00		8.2290190283e-01	4.8043588832e-01
3.3011498321e+00		8.2384296828e-01	4.7908178548e-01
3.3056448154e+00		8.2477318141e-01	4.7773965825e-01
3.3101397986e+00		8.2569278117e-01	4.7640926310e-01
3.3146347819e+00		8.2660199803e-01	4.7509036502e-01
3.3191297652e+00		8.2750105446e-01	4.7378273700e-01
3.3236247485e+00		8.2839016528e-01	4.7248615971e-01
3.3281197318e+00		8.2926953805e-01	4.7120042114e-01
3.3326147151e+00		8.3013937340e-01	4.6992531618e-01
3.3371096984e+00		8.3099986535e-01	4.6866064641e-01
3.3416046817e+00		8.3185120160e-01	4.6740621968e-01
3.3460996650e+00		8.3269356387e-01	4.6616184993e-01
3.3505946483e+00		8.3352712810e-01	4.6492735684e-01
3.3550896316e+00		8.3435206475e-01	4.6370256562e-01
3.3595846149e+00		8.3516853901e-01	4.6248730677e-01
3.3640795982e+00		8.3597671106e-01	4.6128141582e-01
3.3685745814e+00		8.3677673624e-01	4.6008473315e-01
3.3730695647e+00		8.3756876530e-01	4.5889710379e-01
3.3775645480e+00		8.3835294454e-01	4.5771837721e-01
3.3820595313e+00		8.3912941603e-01	4.5654840713e-01
3.3865545146e+00		8.3989831778e-01	4.5538705137e-01
3.3910494979e+00		8.4065978387e-01	4.5423417171e-01
3.3955444812e+00		8.4141394464e-01	4.5308963366e-01
3.4000394645e+00		8.4216092681e-01	4.5195330640e-01
3.4045344478e+00		8.4290085366e-01	4.5082506257e-01
3.4090294311e+00		8.4363384509e-01	4.4970477818e-01
3.4135244144e+00		8.4436001782e-01	4.4859233248e-01
3.4180193977e+00		8.4507948547e-01	4.4748760782e-01
3.4225143809e+00		8.4579235869e-01	4.4639048956e-01
3.4270093642e+00		8.4649874526e-01	4.4530086592e-01
3.4315043475e+00		8.4719875018e-01	4.4421862795e-01
3.4359993308e+00		8.4789247581e-01	4.4314366935e-01
3.4404943141e+00		8.4858002191e-01	4.4207588642e-01
3.4449892974e+00		8.4926148580e-01	4.4101517798e-01
