0.0000000000e+00	0.0000000000e+00
2.9999859514e-03	0.0000000000e+00
5.9999719028e-03	0.0000000000e+00
8.9999578542e-03	0.0000000000e+00
1.1999943806e-02	0.0000000000e+00
1.4999929757e-02	0.0000000000e+00
1.7999915708e-02	0.0000000000e+00
2.0999901660e-02	0.0000000000e+00
2.3999887611e-02	0.0000000000e+00
2.6999873563e-02	0.0000000000e+00
2.9999859514e-02	0.0000000000e+00
5.9999719028e-02	0.0000000000e+00
8.9999578542e-02	0.0000000000e+00
1.1999943806e-01	0.0000000000e+00
1.4999929757e-01	0.0000000000e+00
1.7999915708e-01	0.0000000000e+00
2.0999901660e-01	0.0000000000e+00
2.3999887611e-01	0.0000000000e+00
2.6999873563e-01	0.0000000000e+00
2.9999859514e-01	0.0000000000e+00
3.2999845465e-01	0.0000000000e+00
3.5999831417e-01	0.0000000000e+00
3.8999817368e-01	0.0000000000e+00
4.1999803320e-01	0.0000000000e+00
4.4999789271e-01	0.0000000000e+00
4.7999775222e-01	0.0000000000e+00
5.0999761174e-01	4.9406564584e-324
5.3999747125e-01	4.9406564584e-324
5.6999733077e-01	4.9406564584e-324
5.9999719028e-01	4.9406564584e-324
6.2999704979e-01	4.9406564584e-324
6.5999690931e-01	4.9406564584e-324
6.8999676882e-01	4.9406564584e-324
7.1999662834e-01	4.9406564584e-324
7.4999648785e-01	4.9406564584e-324
7.7999634736e-01	9.8813129168e-324
8.0999620688e-01	9.8813129168e-324
8.3999606639e-01	1.4821969375e-323
8.6999592591e-01	1.4821969375e-323
8.9999578542e-01	1.9762625834e-323
9.2999564493e-01	3.4584595209e-323
9.5999550445e-01	5.9287877501e-323
9.8999536396e-01	6.1265067863e-289
1.0199952235e+00	1.9603252070e-02
1.0499950830e+00	4.7614587725e-02
1.0799949425e+00	7.4069738066e-02
1.1099948020e+00	9.9094880281e-02
1.1399946615e+00	1.2280290975e-01
1.1699945210e+00	1.4529514283e-01
1.1999943806e+00	1.6666276426e-01
1.2299942401e+00	1.8698806269e-01
1.2599940996e+00	2.0634548977e-01
1.2899939591e+00	2.2480257140e-01
1.3199938186e+00	2.4242069478e-01
1.3499936781e+00	2.5925579045e-01
1.3799935376e+00	2.7535892544e-01
1.4099933972e+00	2.9077682065e-01
1.4399932567e+00	3.0555230355e-01
1.4699931162e+00	3.1972470552e-01
1.4999929757e+00	3.3333021141e-01
1.5299928352e+00	3.4640216805e-01
1.5599926947e+00	3.5897135712e-01
1.5899925542e+00	3.7106623718e-01
1.6199924138e+00	3.8271315871e-01
1.6499922733e+00	3.9393655583e-01
1.6799921328e+00	4.0475911733e-01
1.7099919923e+00	4.1520193983e-01
1.7399918518e+00	4.2528466501e-01
1.7699917113e+00	4.3502560289e-01
1.7999915708e+00	4.4444184284e-01
1.8299914304e+00	4.5354935361e-01
1.8599912899e+00	4.6236307372e-01
1.8899911494e+00	4.7089699318e-01
1.9199910089e+00	4.7916422766e-01
1.9499908684e+00	4.8717708570e-01
1.9799907279e+00	4.9494712985e-01
2.0099905874e+00	5.0248523239e-01
2.0399904470e+00	5.0980162604e-01
2.0699903065e+00	5.1690595030e-01
2.0999901660e+00	5.2380729386e-01
2.1299900255e+00	5.3051423339e-01
2.1599898850e+00	5.3703486903e-01
2.1899897445e+00	5.4337685713e-01
2.2199896040e+00	5.4954744014e-01
2.2499894635e+00	5.5555347427e-01
2.2799893231e+00	5.6140145487e-01
2.3099891826e+00	5.6709753988e-01
2.3399890421e+00	5.7264757142e-01
2.3699889016e+00	5.7805709583e-01
2.3999887611e+00	5.8333138213e-01
2.4299886206e+00	5.8847543914e-01
2.4599884801e+00	5.9349403135e-01
2.4899883397e+00	5.9839169362e-01
2.5199881992e+00	6.0317274489e-01
2.5499880587e+00	6.0784130083e-01
2.5799879182e+00	6.1240128570e-01
2.6099877777e+00	6.1685644334e-01
2.6399876372e+00	6.2121034739e-01
2.6699874967e+00	6.2546641090e-01
2.6999873563e+00	6.2962789523e-01
2.7299872158e+00	6.3369791836e-01
2.7599870753e+00	6.3767946272e-01
2.7899869348e+00	6.4157538248e-01
2.8199867943e+00	6.4538841032e-01
2.8499866538e+00	6.4912116390e-01
2.8799865133e+00	6.5277615177e-01
2.9099863729e+00	6.5635577908e-01
2.9399862324e+00	6.5986235276e-01
2.9699860919e+00	6.6329808657e-01
2.9999859515e+00		6.6720693516e-01	6.6612240315e-01
3.0004354498e+00		6.7359765913e-01	6.5968729791e-01
3.0008849482e+00		6.7653171577e-01	6.5670331898e-01
3.0013344465e+00		6.7876587197e-01	6.5441925546e-01
3.0017839448e+00		6.8064131141e-01	6.5249392363e-01
3.0022334431e+00		6.8228845974e-01	6.5079689786e-01
3.0026829415e+00		6.8377381073e-01	6.4926168435e-01
3.0031324398e+00		6.8513672807e-01	6.4784891944e-01
3.0035819381e+00		6.8640280098e-01	6.4653301386e-01
3.0040314365e+00		6.8758977528e-01	6.4529622180e-01
3.0044809348e+00		6.8871055624e-01	6.4412563800e-01
3.0089759181e+00		6.9769103421e-01	6.3464794995e-01
3.0134709014e+00		7.0450155465e-01	6.2734170275e-01
3.0179658847e+00		7.1018711821e-01	6.2116188910e-01
3.0224608680e+00		7.1515239316e-01	6.1570383417e-01
3.0269558513e+00		7.1960500422e-01	6.1075990665e-01
3.0314508345e+00		7.2366837028e-01	6.0620668116e-01
3.0359458178e+00		7.2742296719e-01	6.0196367539e-01
3.0404408011e+00		7.3092474029e-01	5.9797493755e-01
3.0449357844e+00		7.3421445879e-01	5.9419969205e-01
3.0494307677e+00		7.3732292811e-01	5.9060712709e-01
3.0539257510e+00		7.4027410326e-01	5.8717328137e-01
3.0584207343e+00		7.4308705243e-01	5.8387908038e-01
3.0629157176e+00		7.4577725091e-01	5.8070904261e-01
3.0674107009e+00		7.4835746492e-01	5.7765039562e-01
3.0719056842e+00		7.5083837399e-01	5.7469245371e-01
3.0764006675e+00		7.5322902059e-01	5.7182616828e-01
3.0808956508e+00		7.5553714226e-01	5.6904379567e-01
3.0853906340e+00		7.5776942174e-01	5.6633864709e-01
3.0898856173e+00		7.5993167861e-01	5.6370489693e-01
3.0943806006e+00		7.6202901825e-01	5.6113743380e-01
3.0988755839e+00		7.6406594935e-01	5.5863174306e-01
3.1033705672e+00		7.6604647753e-01	5.5618381316e-01
3.1078655505e+00		7.6797418093e-01	5.5379006007e-01
3.1123605338e+00		7.6985227176e-01	5.5144726573e-01
3.1168555171e+00		7.7168364688e-01	5.4915252744e-01
3.1213505004e+00		7.7347092970e-01	5.4690321600e-01
3.1258454837e+00		7.7521650522e-01	5.4469694067e-01
3.1303404670e+00		7.7692254943e-01	5.4253151972e-01
3.1348354503e+00		7.7859105424e-01	5.4040495555e-01
3.1393304336e+00		7.8022384871e-01	5.3831541346e-01
3.1438254168e+00		7.8182261715e-01	5.3626120349e-01
3.1483204001e+00		7.8338891483e-01	5.3424076477e-01
3.1528153834e+00		7.8492418147e-01	5.3225265205e-01
3.1573103667e+00		7.8642975297e-01	5.3029552388e-01
3.1618053500e+00		7.8790687169e-01	5.2836813240e-01
3.1663003333e+00		7.8935669541e-01	5.2646931436e-01
3.1707953166e+00		7.9078030527e-01	5.2459798319e-01
3.1752902999e+00		7.9217871269e-01	5.2275312205e-01
3.1797852832e+00		7.9355286560e-01	5.2093377766e-01
3.1842802665e+00		7.9490365387e-01	5.1913905478e-01
3.1887752498e+00		7.9623191427e-01	5.1736811134e-01
3.1932702331e+00		7.9753843477e-01	5.1562015408e-01
3.1977652163e+00		7.9882395852e-01	5.1389443459e-01
3.2022601996e+00		8.0008918734e-01	5.1219024583e-01
3.2067551829e+00		8.0133478489e-01	5.1050691894e-01
3.2112501662e+00		8.0256137954e-01	5.0884382038e-01
3.2157451495e+00		8.0376956697e-01	5.0720034933e-01
3.2202401328e+00		8.0495991254e-01	5.0557593533e-01
3.2247351161e+00		8.0613295337e-01	5.0397003618e-01
3.2292300994e+00		8.0728920035e-01	5.0238213592e-01
3.2337250827e+00		8.0842913988e-01	5.0081174313e-01
3.2382200660e+00		8.0955323552e-01	4.9925838927e-01
3.2427150493e+00		8.1066192944e-01	4.9772162718e-01
3.2472100326e+00		8.1175564384e-01	4.9620102973e-01
3.2517050159e+00		8.1283478215e-01	4.9469618856e-01
3.2561999991e+00		8.1389973023e-01	4.9320671294e-01
3.2606949824e+00		8.1495085740e-01	4.9173222868e-01
3.2651899657e+00		8.1598851746e-01	4.9027237716e-01
3.2696849490e+00		8.1701304954e-01	4.8882681442e-01
3.2741799323e+00		8.1802477900e-01	4.8739521033e-01
3.2786749156e+00		8.1902401820e-01	4.8597724778e-01
3.2831698989e+00		8.2001106718e-01	4.8457262200e-01
3.2876648822e+00		8.2098621438e-01	4.8318103983e-01
3.2921598655e+00		8.2194973725e-01	4.8180221917e-01
3.2966548488e+00		8.2290190283e-01	4.8043588832e-01
3.3011498321e+00		8.2384296828e-01	4.7908178548e-01
3.3056448154e+00		8.2477318141e-01	4.7773965825e-01
3.3101397986e+00		8.2569278117e-01	4.7640926310e-01
3.3146347819e+00		8.2660199803e-01	4.7509036502e-01
3.3191297652e+00		8.2750105446e-01	4.7378273700e-01
3.3236247485e+00		8.2839016528e-01	4.7248615971e-01
3.3281197318e+00		8.2926953805e-01	4.7120042114e-01
3.3326147151e+00		8.3013937340e-01	4.6992531618e-01
3.3371096984e+00		8.3099986535e-01	4.6866064641e-01
3.3416046817e+00		8.3185120160e-01	4.6740621968e-01
3.3460996650e+00		8.3269356387e-01	4.6616184993e-01
3.3505946483e+00		8.3352712810e-01	4.6492735684e-01
3.3550896316e+00		8.3435206475e-01	4.6370256562e-01
3.3595846149e+00		8.3516853901e-01	4.6248730677e-01
3.3640795982e+00		8.3597671106e-01	4.6128141582e-01
3.3685745814e+00		8.3677673624e-01	4.6008473315e-01
3.3730695647e+00		8.3756876530e-01	4.5889710379e-01
3.3775645480e+00		8.3835294454e-01	4.5771837721e-01
3.3820595313e+00		8.3912941603e-01	4.5654840713e-01
3.3865545146e+00		8.3989831778e-01	4.5538705137e-01
3.3910494979e+00		8.4065978387e-01	4.5423417171e-01
3.3955444812e+00		8.4141394464e-01	4.5308963366e-01
3.4000394645e+00		8.4216092681e-01	4.5195330640e-01
3.4045344478e+00		8.4290085366e-01	4.5082506257e-01
3.4090294311e+00		8.4363384509e-01	4.4970477818e-01
3.4135244144e+00		8.4436001782e-01	4.4859233248e-01
3.4180193977e+00		8.4507948547e-01	4.4748760782e-01
3.4225143809e+00		8.4579235869e-01	4.4639048956e-01
3.4270093642e+00		8.4649874526e-01	4.4530086592e-01
3.4315043475e+00		8.4719875018e-01	4.4421862795e-01
3.4359993308e+00		8.4789247581e-01	4.4314366935e-01
3.4404943141e+00		8.4858002191e-01	4.4207588642e-01
3.4449892974e+00		8.4926148580e-01	4.4101517798e-01
3.4494842808e+00				8.5005419300e-01	4.3967837914e-01	8.4981943884e-01	4.4024512335e-01
3.4495788846e+00				8.5097628956e-01	4.3746056835e-01	8.4890279545e-01	4.4246658054e-01
3.4496734885e+00				8.5142981036e-01	4.3637365218e-01	8.4845301706e-01	4.4356072439e-01
3.4497680923e+00				8.5177510800e-01	4.3554796387e-01	8.4811146232e-01	4.4439363984e-01
3.4498626961e+00				8.5206543877e-01	4.3485494039e-01	8.4782487490e-01	4.4509388993e-01
3.4499573000e+00				8.5232092562e-01	4.3424600587e-01	8.4757313189e-01	4.4571005052e-01
3.4500519038e+00				8.5255177384e-01	4.3369652601e-01	8.4734602798e-01	4.4626675592e-01
3.4501465076e+00				8.5276400615e-01	4.3319196322e-01	8.4713754046e-01	4.4677854369e-01
3.4502411114e+00				8.5296152961e-01	4.3272288698e-01	8.4694376226e-01	4.4725484439e-01
3.4503357153e+00				8.5314704967e-01	4.3228276733e-01	8.4676198793e-01	4.4770218796e-01
3.4504303191e+00				8.5332253157e-01	4.3186686108e-01	8.4659025224e-01	4.4812531760e-01
3.4513763574e+00				8.5474008204e-01	4.2852107379e-01	8.4521018994e-01	4.5154330916e-01
3.4523223957e+00				8.5582962301e-01	4.2596576332e-01	8.4415818443e-01	4.5417077022e-01
3.4532684340e+00				8.5674943491e-01	4.2381908478e-01	8.4327595518e-01	4.5638954568e-01
3.4542144723e+00				8.5756071204e-01	4.2193346257e-01	8.4250230775e-01	4.5834721118e-01
3.4551605106e+00				8.5829482053e-01	4.2023328064e-01	8.4180587589e-01	4.6011938278e-01
3.4561065489e+00				8.5897039084e-01	4.1867364075e-01	8.4116802902e-01	4.6175095878e-01
3.4570525872e+00				8.5959956276e-01	4.1722529664e-01	8.4057662720e-01	4.6327118547e-01
3.4579986255e+00				8.6019077036e-01	4.1586793644e-01	8.4002323627e-01	4.6470037473e-01
3.4589446638e+00				8.6075015616e-01	4.1458677203e-01	8.3950171357e-01	4.6605331473e-01
3.4598907021e+00				8.6128235880e-01	4.1337063960e-01	8.3900742033e-01	4.6734116931e-01
3.4608367404e+00				8.6179098339e-01	4.1221086568e-01	8.3853675133e-01	4.6857261196e-01
3.4617827788e+00				8.6227889800e-01	4.1110055232e-01	8.3808683837e-01	4.6975454069e-01
3.4627288171e+00				8.6274842904e-01	4.1003410621e-01	8.3765535492e-01	4.7089254881e-01
3.4636748554e+00				8.6320149460e-01	4.0900691724e-01	8.3724038275e-01	4.7199124647e-01
3.4646208937e+00				8.6363969843e-01	4.0801513219e-01	8.3684031800e-01	4.7305448694e-01
3.4655669320e+00				8.6406439770e-01	4.0705549133e-01	8.3645380338e-01	4.7408552996e-01
3.4665129703e+00				8.6447675312e-01	4.0612520775e-01	8.3607967806e-01	4.7508716248e-01
3.4674590086e+00				8.6487776663e-01	4.0522187653e-01	8.3571693997e-01	4.7606178945e-01
3.4684050469e+00				8.6526831032e-01	4.0434340518e-01	8.3536471690e-01	4.7701150340e-01
3.4693510852e+00				8.6564914884e-01	4.0348795958e-01	8.3502224407e-01	4.7793813849e-01
3.4702971235e+00				8.6602095714e-01	4.0265392135e-01	8.3468884642e-01	4.7884331310e-01
3.4712431618e+00				8.6638433452e-01	4.0183985391e-01	8.3436392452e-01	4.7972846387e-01
3.4721892001e+00				8.6673981609e-01	4.0104447510e-01	8.3404694315e-01	4.8059487298e-01
3.4731352384e+00				8.6708788195e-01	4.0026663484e-01	8.3373742207e-01	4.8144369054e-01
3.4740812767e+00				8.6742896487e-01	3.9950529685e-01	8.3343492841e-01	4.8227595288e-01
3.4750273150e+00				8.6776345657e-01	3.9875952345e-01	8.3313907031e-01	4.8309259770e-01
3.4759733533e+00				8.6809171298e-01	3.9802846288e-01	8.3284949173e-01	4.8389447679e-01
3.4769193916e+00				8.6841405868e-01	3.9731133870e-01	8.3256586797e-01	4.8468236662e-01
3.4778654299e+00				8.6873079066e-01	3.9660744073e-01	8.3228790191e-01	4.8545697741e-01
3.4788114682e+00				8.6904218147e-01	3.9591611740e-01	8.3201532089e-01	4.8621896076e-01
3.4797575065e+00				8.6934848199e-01	3.9523676919e-01	8.3174787392e-01	4.8696891622e-01
3.4807035448e+00				8.6964992374e-01	3.9456884298e-01	8.3148532933e-01	4.8770739694e-01
3.4816495831e+00				8.6994672097e-01	3.9391182716e-01	8.3122747277e-01	4.8843491457e-01
3.4825956214e+00				8.7023907236e-01	3.9326524740e-01	8.3097410545e-01	4.8915194347e-01
3.4835416597e+00				8.7052716259e-01	3.9262866294e-01	8.3072504255e-01	4.8985892443e-01
3.4844876980e+00				8.7081116370e-01	3.9200166336e-01	8.3048011192e-01	4.9055626790e-01
3.4854337364e+00				8.7109123625e-01	3.9138386572e-01	8.3023915288e-01	4.9124435686e-01
3.4863797747e+00				8.7136753040e-01	3.9077491205e-01	8.3000201515e-01	4.9192354931e-01
3.4873258130e+00				8.7164018680e-01	3.9017446713e-01	8.2976855797e-01	4.9259418049e-01
3.4882718513e+00				8.7190933743e-01	3.8958221651e-01	8.2953864924e-01	4.9325656490e-01
3.4892178896e+00				8.7217510634e-01	3.8899786475e-01	8.2931216478e-01	4.9391099800e-01
3.4901639279e+00				8.7243761029e-01	3.8842113384e-01	8.2908898772e-01	4.9455775784e-01
3.4911099662e+00				8.7269695936e-01	3.8785176180e-01	8.2886900786e-01	4.9519710642e-01
3.4920560045e+00				8.7295325746e-01	3.8728950142e-01	8.2865212119e-01	4.9582929101e-01
3.4930020428e+00				8.7320660279e-01	3.8673411907e-01	8.2843822937e-01	4.9645454525e-01
3.4939480811e+00				8.7345708831e-01	3.8618539375e-01	8.2822723932e-01	4.9707309017e-01
3.4948941194e+00				8.7370480211e-01	3.8564311611e-01	8.2801906286e-01	4.9768513517e-01
3.4958401577e+00				8.7394982774e-01	3.8510708758e-01	8.2781361630e-01	4.9829087883e-01
3.4967861960e+00				8.7419224457e-01	3.8457711968e-01	8.2761082016e-01	4.9889050968e-01
3.4977322343e+00				8.7443212803e-01	3.8405303325e-01	8.2741059889e-01	4.9948420691e-01
3.4986782726e+00				8.7466954994e-01	3.8353465784e-01	8.2721288056e-01	5.0007214099e-01
3.4996243109e+00				8.7490457871e-01	3.8302183114e-01	8.2701759665e-01	5.0065447429e-01
3.5005703492e+00				8.7513727956e-01	3.8251439841e-01	8.2682468181e-01	5.0123136156e-01
3.5015163875e+00				8.7536771474e-01	3.8201221203e-01	8.2663407368e-01	5.0180295045e-01
3.5024624258e+00				8.7559594373e-01	3.8151513103e-01	8.2644571267e-01	5.0236938198e-01
3.5034084641e+00				8.7582202338e-01	3.8102302068e-01	8.2625954181e-01	5.0293079090e-01
3.5043545024e+00				8.7604600809e-01	3.8053575211e-01	8.2607550659e-01	5.0348730611e-01
3.5053005407e+00				8.7626794995e-01	3.8005320196e-01	8.2589355480e-01	5.0403905101e-01
3.5062465790e+00				8.7648789887e-01	3.7957525205e-01	8.2571363640e-01	5.0458614382e-01
3.5071926173e+00				8.7670590275e-01	3.7910178908e-01	8.2553570341e-01	5.0512869785e-01
3.5081386556e+00				8.7692200751e-01	3.7863270436e-01	8.2535970977e-01	5.0566682184e-01
3.5090846940e+00				8.7713625729e-01	3.7816789355e-01	8.2518561124e-01	5.0620062017e-01
3.5100307323e+00				8.7734869447e-01	3.7770725640e-01	8.2501336532e-01	5.0673019311e-01
3.5109767706e+00				8.7755935983e-01	3.7725069655e-01	8.2484293110e-01	5.0725563704e-01
3.5119228089e+00				8.7776829261e-01	3.7679812133e-01	8.2467426926e-01	5.0777704470e-01
3.5128688472e+00				8.7797553057e-01	3.7634944151e-01	8.2450734191e-01	5.0829450531e-01
3.5138148855e+00				8.7818111008e-01	3.7590457121e-01	8.2434211255e-01	5.0880810482e-01
3.5147609238e+00				8.7838506624e-01	3.7546342764e-01	8.2417854600e-01	5.0931792602e-01
3.5157069621e+00				8.7858743284e-01	3.7502593101e-01	8.2401660833e-01	5.0982404876e-01
3.5166530004e+00				8.7878824253e-01	3.7459200434e-01	8.2385626679e-01	5.1032655004e-01
3.5175990387e+00				8.7898752682e-01	3.7416157335e-01	8.2369748976e-01	5.1082550418e-01
3.5185450770e+00				8.7918531613e-01	3.7373456629e-01	8.2354024671e-01	5.1132098294e-01
3.5194911153e+00				8.7938163988e-01	3.7331091388e-01	8.2338450810e-01	5.1181305566e-01
3.5204371536e+00				8.7957652649e-01	3.7289054913e-01	8.2323024539e-01	5.1230178935e-01
3.5213831919e+00				8.7977000347e-01	3.7247340729e-01	8.2307743098e-01	5.1278724880e-01
3.5223292302e+00				8.7996209743e-01	3.7205942570e-01	8.2292603812e-01	5.1326949670e-01
3.5232752685e+00				8.8015283414e-01	3.7164854372e-01	8.2277604096e-01	5.1374859372e-01
3.5242213068e+00				8.8034223857e-01	3.7124070264e-01	8.2262741441e-01	5.1422459860e-01
3.5251673451e+00				8.8053033487e-01	3.7083584560e-01	8.2248013419e-01	5.1469756825e-01
3.5261133834e+00				8.8071714651e-01	3.7043391748e-01	8.2233417674e-01	5.1516755780e-01
3.5270594217e+00				8.8090269621e-01	3.7003486486e-01	8.2218951923e-01	5.1563462072e-01
3.5280054600e+00				8.8108700603e-01	3.6963863592e-01	8.2204613948e-01	5.1609880884e-01
3.5289514983e+00				8.8127009735e-01	3.6924518042e-01	8.2190401599e-01	5.1656017247e-01
3.5298975366e+00				8.8145199097e-01	3.6885444956e-01	8.2176312788e-01	5.1701876041e-01
3.5308435749e+00				8.8163270706e-01	3.6846639598e-01	8.2162345485e-01	5.1747462007e-01
3.5317896132e+00				8.8181226522e-01	3.6808097369e-01	8.2148497719e-01	5.1792779747e-01
3.5327356516e+00				8.8199068450e-01	3.6769813800e-01	8.2134767575e-01	5.1837833733e-01
3.5336816899e+00				8.8216798342e-01	3.6731784548e-01	8.2121153188e-01	5.1882628311e-01
3.5346277282e+00				8.8234418001e-01	3.6694005390e-01	8.2107652748e-01	5.1927167708e-01
3.5355737665e+00				8.8251929177e-01	3.6656472222e-01	8.2094264490e-01	5.1971456032e-01
3.5365198048e+00				8.8269333576e-01	3.6619181047e-01	8.2080986700e-01	5.2015497281e-01
3.5374658431e+00				8.8286632858e-01	3.6582127980e-01	8.2067817705e-01	5.2059295345e-01
3.5384118814e+00				8.8303828638e-01	3.6545309238e-01	8.2054755881e-01	5.2102854010e-01
3.5393579197e+00				8.8320922492e-01	3.6508721135e-01	8.2041799641e-01	5.2146176965e-01
3.5403039580e+00				8.8337915951e-01	3.6472360086e-01	8.2028947441e-01	5.2189267800e-01
3.5412499963e+00				8.8354810512e-01	3.6436222594e-01	8.2016197777e-01	5.2232130013e-01
3.5421960346e+00				8.8371607630e-01	3.6400305253e-01	8.2003549180e-01	5.2274767014e-01
3.5431420729e+00				8.8388308726e-01	3.6364604743e-01	8.1991000220e-01	5.2317182126e-01
3.5440881113e+00								8.8407604905e-01	3.6321795594e-01	8.1971452239e-01	5.2375464139e-01	8.8402215920e-01	3.6336465532e-01	8.1985667633e-01	5.2343242152e-01
3.5441084295e+00								8.8421048592e-01	3.6285398137e-01	8.1936586410e-01	5.2454734470e-01	8.8389152641e-01	3.6372226468e-01	8.2020726833e-01	5.2264011982e-01
3.5441287478e+00								8.8428508500e-01	3.6265287999e-01	8.1917492222e-01	5.2498246689e-01	8.8382021237e-01	3.6391838607e-01	8.2040128194e-01	5.2220262775e-01
3.5441490660e+00								8.8434171755e-01	3.6250068474e-01	8.1903136560e-01	5.2531018705e-01	8.8376686487e-01	3.6406560120e-01	8.2054791024e-01	5.2187253780e-01
3.5441693842e+00								8.8438939369e-01	3.6237286865e-01	8.1891142822e-01	5.2558437429e-01	8.8372247381e-01	3.6418843703e-01	8.2067091923e-01	5.2159598088e-01
3.5441897025e+00								8.8443143662e-01	3.6226038555e-01	8.1880634482e-01	5.2582489612e-01	8.8368371598e-01	3.6429593970e-01	8.2077907415e-01	5.2135308950e-01
3.5442100207e+00								8.8446951377e-01	3.6215869651e-01	8.1871171752e-01	5.2604172079e-01	8.8364892394e-01	3.6439264817e-01	8.2087677291e-01	5.2113389541e-01
3.5442303389e+00								8.8450460310e-01	3.6206513949e-01	8.1862496707e-01	5.2624069429e-01	8.8361711974e-01	3.6448122446e-01	8.2096659475e-01	5.2093255259e-01
3.5442506572e+00								8.8453733639e-01	3.6197799472e-01	8.1854442720e-01	5.2642559332e-01	8.8358767159e-01	3.6456338835e-01	8.2105020593e-01	5.2074528438e-01
3.5442709754e+00								8.8456814987e-01	3.6189607482e-01	8.1846894756e-01	5.2659902520e-01	8.8356014328e-01	3.6464032722e-01	8.2112875681e-01	5.2056948344e-01
3.5442912936e+00								8.8459735968e-01	3.6181851924e-01	8.1839769437e-01	5.2676287963e-01	8.8353421865e-01	3.6471290162e-01	8.2120308116e-01	5.2040326006e-01
3.5444944760e+00								8.8483569891e-01	3.6118925013e-01	8.1782679557e-01	5.2808050775e-01	8.8332873223e-01	3.6529235055e-01	8.2180468765e-01	5.1906194913e-01
3.5446976583e+00								8.8502186869e-01	3.6070191369e-01	8.1739325418e-01	5.2908696823e-01	8.8317541703e-01	3.6572985165e-01	8.2226892949e-01	5.1803181793e-01
3.5449008407e+00								8.8518108909e-01	3.6028787081e-01	8.1703059250e-01	5.2993291064e-01	8.8304905296e-01	3.6609404410e-01	8.2266228436e-01	5.1716221689e-01
3.5451040230e+00								8.8532308881e-01	3.5992064663e-01	8.1671317611e-01	5.3067642015e-01	8.8293991130e-01	3.6641140276e-01	8.2301038668e-01	5.1639506084e-01
3.5453072054e+00								8.8545284933e-01	3.5958668649e-01	8.1642788393e-01	5.3134722459e-01	8.8284301057e-01	3.6669548235e-01	8.2332635753e-01	5.1570062194e-01
3.5455103877e+00								8.8557332765e-01	3.5927794514e-01	8.1616692998e-01	5.3196296239e-01	8.8275539373e-01	3.6695432816e-01	8.2361798290e-01	5.1506126179e-01
3.5457135700e+00								8.8568644980e-01	3.5898918293e-01	8.1592524471e-01	5.3253511689e-01	8.8267513474e-01	3.6719317986e-01	8.2389033233e-01	5.1446549702e-01
3.5459167524e+00								8.8579355347e-01	3.5871676111e-01	8.1569930836e-01	5.3307166006e-01	8.8260089590e-01	3.6741567626e-01	8.2414692559e-01	5.1390535569e-01
3.5461199347e+00								8.8589561267e-01	3.5845803047e-01	8.1548655897e-01	5.3357839389e-01	8.8253170319e-01	3.6762446659e-01	8.2439032461e-01	5.1337503580e-01
3.5463231171e+00								8.8599336282e-01	3.5821099098e-01	8.1528506285e-01	5.3405969707e-01	8.8246682116e-01	3.6782155093e-01	8.2462246310e-01	5.1287015866e-01
3.5465262994e+00								8.8608737537e-01	3.5797408864e-01	8.1509331791e-01	5.3451897064e-01	8.8240567834e-01	3.6800848331e-01	8.2484484314e-01	5.1238732324e-01
3.5467294818e+00								8.8617810491e-01	3.5774608744e-01	8.1491012970e-01	5.3495891872e-01	8.8234782013e-01	3.6818649979e-01	8.2505865917e-01	5.1192382540e-01
3.5469326641e+00								8.8626592012e-01	3.5752598499e-01	8.1473452982e-01	5.3538173353e-01	8.8229287783e-01	3.6835660279e-01	8.2526487960e-01	5.1147747295e-01
3.5471358464e+00								8.8635112496e-01	3.5731295502e-01	8.1456572015e-01	5.3578922152e-01	8.8224054748e-01	3.6851961861e-01	8.2546430254e-01	5.1104645943e-01
3.5473390288e+00								8.8643397354e-01	3.5710630680e-01	8.1440303370e-01	5.3618289228e-01	8.8219057493e-01	3.6867623803e-01	8.2565759500e-01	5.1062927524e-01
3.5475422111e+00								8.8651468088e-01	3.5690545589e-01	8.1424590622e-01	5.3656402263e-01	8.8214274515e-01	3.6882704552e-01	8.2584532119e-01	5.1022464359e-01
3.5477453935e+00								8.8659343088e-01	3.5670990257e-01	8.1409385539e-01	5.3693370398e-01	8.8209687423e-01	3.6897254085e-01	8.2602796346e-01	5.0983147304e-01
3.5479485758e+00								8.8667038227e-01	3.5651921550e-01	8.1394646499e-01	5.3729287799e-01	8.8205280343e-01	3.6911315538e-01	8.2620593801e-01	5.0944882196e-01
3.5481517582e+00								8.8674567318e-01	3.5633301935e-01	8.1380337291e-01	5.3764236383e-01	8.8201039458e-01	3.6924926449e-01	8.2637960696e-01	5.0907587117e-01
3.5483549405e+00								8.8681942474e-01	3.5615098505e-01	8.1366426177e-01	5.3798287941e-01	8.8196952655e-01	3.6938119729e-01	8.2654928768e-01	5.0871190277e-01
3.5485581228e+00								8.8689174387e-01	3.5597282218e-01	8.1352885154e-01	5.3831505807e-01	8.8193009240e-01	3.6950924422e-01	8.2671526019e-01	5.0835628339e-01
3.5487613052e+00								8.8696272547e-01	3.5579827293e-01	8.1339689367e-01	5.3863946194e-01	8.8189199721e-01	3.6963366316e-01	8.2687777306e-01	5.0800845094e-01
3.5489644875e+00								8.8703245431e-01	3.5562710711e-01	8.1326816631e-01	5.3895659263e-01	8.8185515621e-01	3.6975468430e-01	8.2703704812e-01	5.0766790379e-01
3.5491676699e+00								8.8710100641e-01	3.5545911826e-01	8.1314247051e-01	5.3926690000e-01	8.8181949333e-01	3.6987251417e-01	8.2719328433e-01	5.0733419209e-01
3.5493708522e+00								8.8716845032e-01	3.5529412026e-01	8.1301962698e-01	5.3957078935e-01	8.8178494004e-01	3.6998733890e-01	8.2734666096e-01	5.0700691054e-01
3.5495740346e+00								8.8723484806e-01	3.5513194469e-01	8.1289947353e-01	5.3986862734e-01	8.8175143428e-01	3.7009932696e-01	8.2749734022e-01	5.0668569248e-01
3.5497772169e+00								8.8730025600e-01	3.5497243855e-01	8.1278186281e-01	5.4016074700e-01	8.8171891967e-01	3.7020863140e-01	8.2764546944e-01	5.0637020489e-01
3.5499803992e+00								8.8736472555e-01	3.5481546231e-01	8.1266666053e-01	5.4044745184e-01	8.8168734480e-01	3.7031539176e-01	8.2779118293e-01	5.0606014425e-01
3.5501835816e+00								8.8742830371e-01	3.5466088835e-01	8.1255374384e-01	5.4072901945e-01	8.8165666262e-01	3.7041973573e-01	8.2793460352e-01	5.0575523297e-01
3.5503867639e+00								8.8749103365e-01	3.5450859953e-01	8.1244300004e-01	5.4100570447e-01	8.8162682997e-01	3.7052178046e-01	8.2807584390e-01	5.0545521643e-01
3.5505899463e+00								8.8755295510e-01	3.5435848807e-01	8.1233432546e-01	5.4127774114e-01	8.8159780709e-01	3.7062163378e-01	8.2821500776e-01	5.0515986037e-01
3.5507931286e+00								8.8761410470e-01	3.5421045450e-01	8.1222762443e-01	5.4154534557e-01	8.8156955733e-01	3.7071939520e-01	8.2835219076e-01	5.0486894869e-01
3.5509963110e+00								8.8767451639e-01	3.5406440680e-01	8.1212280847e-01	5.4180871761e-01	8.8154204674e-01	3.7081515676e-01	8.2848748137e-01	5.0458228155e-01
3.5511994933e+00								8.8773422161e-01	3.5392025965e-01	8.1201979557e-01	5.4206804250e-01	8.8151524385e-01	3.7090900384e-01	8.2862096161e-01	5.0429967370e-01
3.5514026756e+00								8.8779324961e-01	3.5377793372e-01	8.1191850949e-01	5.4232349238e-01	8.8148911940e-01	3.7100101579e-01	8.2875270772e-01	5.0402095300e-01
3.5516058580e+00								8.8785162762e-01	3.5363735516e-01	8.1181887926e-01	5.4257522749e-01	8.8146364615e-01	3.7109126651e-01	8.2888279064e-01	5.0374595922e-01
3.5518090403e+00								8.8790938105e-01	3.5349845504e-01	8.1172083869e-01	5.4282339734e-01	8.8143879866e-01	3.7117982496e-01	8.2901127660e-01	5.0347454286e-01
3.5520122227e+00								8.8796653369e-01	3.5336116889e-01	8.1162432585e-01	5.4306814164e-01	8.8141455314e-01	3.7126675564e-01	8.2913822750e-01	5.0320656418e-01
3.5522154050e+00								8.8802310779e-01	3.5322543637e-01	8.1152928281e-01	5.4330959124e-01	8.8139088731e-01	3.7135211895e-01	8.2926370128e-01	5.0294189236e-01
3.5524185874e+00								8.8807912424e-01	3.5309120082e-01	8.1143565518e-01	5.4354786883e-01	8.8136778027e-01	3.7143597156e-01	8.2938775232e-01	5.0268040470e-01
3.5526217697e+00								8.8813460269e-01	3.5295840902e-01	8.1134339190e-01	5.4378308969e-01	8.8134521235e-01	3.7151836674e-01	8.2951043168e-01	5.0242198592e-01
3.5528249520e+00								8.8818956161e-01	3.5282701088e-01	8.1125244489e-01	5.4401536228e-01	8.8132316507e-01	3.7159935462e-01	8.2963178745e-01	5.0216652757e-01
3.5530281344e+00								8.8824401844e-01	3.5269695918e-01	8.1116276886e-01	5.4424478878e-01	8.8130162098e-01	3.7167898245e-01	8.2975186490e-01	5.0191392746e-01
3.5532313167e+00								8.8829798960e-01	3.5256820936e-01	8.1107432108e-01	5.4447146561e-01	8.8128056362e-01	3.7175729484e-01	8.2987070677e-01	5.0166408918e-01
3.5534344991e+00								8.8835149066e-01	3.5244071929e-01	8.1098706117e-01	5.4469548386e-01	8.8125997743e-01	3.7183433394e-01	8.2998835344e-01	5.0141692163e-01
3.5536376814e+00								8.8840453631e-01	3.5231444911e-01	8.1090095092e-01	5.4491692970e-01	8.8123984768e-01	3.7191013964e-01	8.3010484311e-01	5.0117233865e-01
3.5538408638e+00								8.8845714051e-01	3.5218936107e-01	8.1081595413e-01	5.4513588476e-01	8.8122016042e-01	3.7198474976e-01	8.3022021199e-01	5.0093025862e-01
3.5540440461e+00								8.8850931648e-01	3.5206541935e-01	8.1073203649e-01	5.4535242641e-01	8.8120090240e-01	3.7205820013e-01	8.3033449437e-01	5.0069060416e-01
3.5542472284e+00								8.8856107678e-01	3.5194258992e-01	8.1064916542e-01	5.4556662812e-01	8.8118206104e-01	3.7213052482e-01	8.3044772285e-01	5.0045330179e-01
3.5544504108e+00								8.8861243334e-01	3.5182084046e-01	8.1056730995e-01	5.4577855970e-01	8.8116362440e-01	3.7220175620e-01	8.3055992838e-01	5.0021828172e-01
3.5546535931e+00								8.8866339753e-01	3.5170014019e-01	8.1048644062e-01	5.4598828756e-01	8.8114558109e-01	3.7227192507e-01	8.3067114042e-01	4.9998547753e-01
3.5548567755e+00								8.8871398019e-01	3.5158045980e-01	8.1040652938e-01	5.4619587493e-01	8.8112792027e-01	3.7234106078e-01	8.3078138704e-01	4.9975482600e-01
3.5550599578e+00								8.8876419162e-01	3.5146177136e-01	8.1032754949e-01	5.4640138208e-01	8.8111063160e-01	3.7240919131e-01	8.3089069496e-01	4.9952626685e-01
3.5552631402e+00								8.8881404168e-01	3.5134404819e-01	8.1024947543e-01	5.4660486650e-01	8.8109370521e-01	3.7247634336e-01	8.3099908970e-01	4.9929974260e-01
3.5554663225e+00								8.8886353979e-01	3.5122726483e-01	8.1017228284e-01	5.4680638309e-01	8.8107713169e-01	3.7254254243e-01	8.3110659562e-01	4.9907519836e-01
3.5556695049e+00								8.8891269493e-01	3.5111139693e-01	8.1009594844e-01	5.4700598429e-01	8.8106090200e-01	3.7260781292e-01	8.3121323600e-01	4.9885258166e-01
3.5558726872e+00								8.8896151572e-01	3.5099642120e-01	8.1002044995e-01	5.4720372027e-01	8.8104500754e-01	3.7267217814e-01	8.3131903312e-01	4.9863184235e-01
3.5560758695e+00								8.8901001040e-01	3.5088231533e-01	8.0994576606e-01	5.4739963906e-01	8.8102944004e-01	3.7273566044e-01	8.3142400827e-01	4.9841293242e-01
3.5562790519e+00								8.8905818687e-01	3.5076905796e-01	8.0987187636e-01	5.4759378663e-01	8.8101419159e-01	3.7279828123e-01	8.3152818190e-01	4.9819580586e-01
3.5564822342e+00								8.8910605270e-01	3.5065662860e-01	8.0979876125e-01	5.4778620708e-01	8.8099925460e-01	3.7286006102e-01	8.3163157357e-01	4.9798041859e-01
3.5566854166e+00								8.8915361516e-01	3.5054500758e-01	8.0972640197e-01	5.4797694270e-01	8.8098462178e-01	3.7292101952e-01	8.3173420205e-01	4.9776672834e-01
3.5568885989e+00								8.8920088124e-01	3.5043417602e-01	8.0965478047e-01	5.4816603407e-01	8.8097028613e-01	3.7298117564e-01	8.3183608539e-01	4.9755469450e-01
3.5570917813e+00								8.8924785765e-01	3.5032411579e-01	8.0958387944e-01	5.4835352019e-01	8.8095624094e-01	3.7304054756e-01	8.3193724090e-01	4.9734427809e-01
3.5572949636e+00								8.8929455082e-01	3.5021480945e-01	8.0951368224e-01	5.4853943852e-01	8.8094247973e-01	3.7309915275e-01	8.3203768522e-01	4.9713544164e-01
3.5574981459e+00								8.8934096698e-01	3.5010624020e-01	8.0944417285e-01	5.4872382511e-01	8.8092899628e-01	3.7315700804e-01	8.3213743437e-01	4.9692814910e-01
3.5577013283e+00								8.8938711209e-01	3.4999839191e-01	8.0937533585e-01	5.4890671465e-01	8.8091578460e-01	3.7321412961e-01	8.3223650376e-01	4.9672236580e-01
3.5579045106e+00								8.8943299191e-01	3.4989124902e-01	8.0930715641e-01	5.4908814051e-01	8.8090283892e-01	3.7327053305e-01	8.3233490822e-01	4.9651805835e-01
3.5581076930e+00								8.8947861200e-01	3.4978479652e-01	8.0923962022e-01	5.4926813489e-01	8.8089015368e-01	3.7332623340e-01	8.3243266207e-01	4.9631519456e-01
3.5583108753e+00								8.8952397769e-01	3.4967901996e-01	8.0917271350e-01	5.4944672877e-01	8.8087772351e-01	3.7338124515e-01	8.3252977907e-01	4.9611374343e-01
3.5585140577e+00								8.8956909416e-01	3.4957390540e-01	8.0910642295e-01	5.4962395209e-01	8.8086554323e-01	3.7343558228e-01	8.3262627254e-01	4.9591367506e-01
3.5587172400e+00								8.8961396639e-01	3.4946943935e-01	8.0904073574e-01	5.4979983370e-01	8.8085360784e-01	3.7348925831e-01	8.3272215529e-01	4.9571496057e-01
3.5589204223e+00								8.8965859919e-01	3.4936560883e-01	8.0897563948e-01	5.4997440146e-01	8.8084191251e-01	3.7354228625e-01	8.3281743973e-01	4.9551757211e-01
3.5591236047e+00								8.8970299721e-01	3.4926240127e-01	8.0891112220e-01	5.5014768229e-01	8.8083045258e-01	3.7359467873e-01	8.3291213781e-01	4.9532148275e-01
3.5593267870e+00								8.8974716495e-01	3.4915980451e-01	8.0884717232e-01	5.5031970221e-01	8.8081922353e-01	3.7364644792e-01	8.3300626111e-01	4.9512666650e-01
3.5595299694e+00								8.8979110677e-01	3.4905780681e-01	8.0878377867e-01	5.5049048635e-01	8.8080822099e-01	3.7369760560e-01	8.3309982081e-01	4.9493309820e-01
3.5597331517e+00								8.8983482687e-01	3.4895639680e-01	8.0872093041e-01	5.5066005904e-01	8.8079744075e-01	3.7374816319e-01	8.3319282774e-01	4.9474075352e-01
3.5599363341e+00								8.8987832933e-01	3.4885556348e-01	8.0865861708e-01	5.5082844382e-01	8.8078687870e-01	3.7379813171e-01	8.3328529236e-01	4.9454960894e-01
3.5601395164e+00								8.8992161809e-01	3.4875529619e-01	8.0859682853e-01	5.5099566349e-01	8.8077653089e-01	3.7384752186e-01	8.3337722482e-01	4.9435964166e-01
3.5603426987e+00								8.8996469699e-01	3.4865558460e-01	8.0853555495e-01	5.5116174010e-01	8.8076639347e-01	3.7389634401e-01	8.3346863493e-01	4.9417082961e-01
3.5605458811e+00								8.9000756973e-01	3.4855641872e-01	8.0847478681e-01	5.5132669504e-01	8.8075646272e-01	3.7394460819e-01	8.3355953222e-01	4.9398315141e-01
3.5607490634e+00								8.9005023990e-01	3.4845778882e-01	8.0841451489e-01	5.5149054905e-01	8.8074673504e-01	3.7399232415e-01	8.3364992591e-01	4.9379658633e-01
3.5609522458e+00								8.9009271099e-01	3.4835968552e-01	8.0835473024e-01	5.5165332221e-01	8.8073720691e-01	3.7403950132e-01	8.3373982494e-01	4.9361111428e-01
3.5611554281e+00								8.9013498639e-01	3.4826209966e-01	8.0829542418e-01	5.5181503402e-01	8.8072787494e-01	3.7408614889e-01	8.3382923799e-01	4.9342671576e-01
3.5613586105e+00								8.9017706939e-01	3.4816502239e-01	8.0823658828e-01	5.5197570341e-01	8.8071873583e-01	3.7413227574e-01	8.3391817350e-01	4.9324337185e-01
3.5615617928e+00								8.9021896317e-01	3.4806844510e-01	8.0817821437e-01	5.5213534873e-01	8.8070978637e-01	3.7417789052e-01	8.3400663963e-01	4.9306106419e-01
3.5617649751e+00								8.9026067083e-01	3.4797235942e-01	8.0812029451e-01	5.5229398781e-01	8.8070102344e-01	3.7422300164e-01	8.3409464433e-01	4.9287977494e-01
3.5619681575e+00								8.9030219540e-01	3.4787675723e-01	8.0806282097e-01	5.5245163799e-01	8.8069244402e-01	3.7426761725e-01	8.3418219531e-01	4.9269948679e-01
3.5621713398e+00								8.9034353979e-01	3.4778163064e-01	8.0800578625e-01	5.5260831609e-01	8.8068404516e-01	3.7431174528e-01	8.3426930008e-01	4.9252018289e-01
3.5623745222e+00								8.9038470686e-01	3.4768697195e-01	8.0794918308e-01	5.5276403848e-01	8.8067582399e-01	3.7435539345e-01	8.3435596592e-01	4.9234184689e-01
3.5625777045e+00								8.9042569938e-01	3.4759277370e-01	8.0789300435e-01	5.5291882107e-01	8.8066777774e-01	3.7439856927e-01	8.3444219992e-01	4.9216446288e-01
3.5627808869e+00								8.9046652005e-01	3.4749902862e-01	8.0783724316e-01	5.5307267933e-01	8.8065990369e-01	3.7444128005e-01	8.3452800898e-01	4.9198801538e-01
3.5629840692e+00								8.9050717148e-01	3.4740572964e-01	8.0778189282e-01	5.5322562831e-01	8.8065219920e-01	3.7448353288e-01	8.3461339981e-01	4.9181248934e-01
3.5631872515e+00								8.9054765625e-01	3.4731286986e-01	8.0772694678e-01	5.5337768268e-01	8.8064466169e-01	3.7452533470e-01	8.3469837893e-01	4.9163787009e-01
3.5633904339e+00								8.9058797682e-01	3.4722044259e-01	8.0767239868e-01	5.5352885670e-01	8.8063728867e-01	3.7456669224e-01	8.3478295272e-01	4.9146414338e-01
3.5635936162e+00								8.9062813564e-01	3.4712844128e-01	8.0761824234e-01	5.5367916426e-01	8.8063007770e-01	3.7460761209e-01	8.3486712736e-01	4.9129129531e-01
3.5637967986e+00								8.9066813506e-01	3.4703685957e-01	8.0756447171e-01	5.5382861890e-01	8.8062302639e-01	3.7464810062e-01	8.3495090888e-01	4.9111931235e-01
3.5639999809e+00								8.9070797739e-01	3.4694569125e-01	8.0751108091e-01	5.5397723379e-01	8.8061613242e-01	3.7468816410e-01	8.3503430317e-01	4.9094818132e-01
3.5642031633e+00								8.9074766487e-01	3.4685493028e-01	8.0745806422e-01	5.5412502179e-01	8.8060939355e-01	3.7472780860e-01	8.3511731596e-01	4.9077788935e-01
3.5644063457e+00																8.9079339560e-01	3.4674730976e-01	8.0738655933e-01	5.5431331744e-01	8.8058681422e-01	3.7481043301e-01	8.3523868574e-01	4.9051586333e-01	8.9078097218e-01	3.4678191954e-01	8.0742436658e-01	5.5423046527e-01	8.8061886924e-01	3.7472345985e-01	8.3516103932e-01	4.9070140542e-01
3.5644106984e+00																8.9081176376e-01	3.4669656022e-01	8.0733209166e-01	5.5443333898e-01	8.8054136707e-01	3.7493418762e-01	8.3535009641e-01	4.9025016255e-01	8.9076384411e-01	3.4683005749e-01	8.0747792368e-01	5.5411375754e-01	8.8066501519e-01	3.7459869909e-01	8.3505058311e-01	4.9096587455e-01
3.5644150511e+00																8.9082438239e-01	3.4666182711e-01	8.0729511432e-01	5.5451502549e-01	8.8051072044e-01	3.7501778075e-01	8.3542562097e-01	4.9007018780e-01	8.9075230728e-01	3.4686261856e-01	8.0751446012e-01	5.5403434309e-01	8.8069670367e-01	3.7451316004e-01	8.3497510787e-01	4.9114672780e-01
3.5644194038e+00																8.9083388105e-01	3.4663578567e-01	8.0726763124e-01	5.5457590597e-01	8.8048812256e-01	3.7507953589e-01	8.3548165004e-01	4.8993679863e-01	8.9074388925e-01	3.4688649124e-01	8.0754150579e-01	5.5397572696e-01	8.8072034595e-01	3.7444945201e-01	8.3491912139e-01	4.9128101118e-01
3.5644237565e+00																8.9084186990e-01	3.4661395026e-01	8.0724474246e-01	5.5462671837e-01	8.8046941933e-01	3.7513072411e-01	8.3552824604e-01	4.8982595028e-01	8.9073698103e-01	3.4690615788e-01	8.0756395713e-01	5.5392717897e-01	8.8074009357e-01	3.7439631092e-01	8.3487256798e-01	4.9139275371e-01
3.5644281092e+00																8.9084892395e-01	3.4659471897e-01	8.0722469812e-01	5.5467129741e-01	8.8045312719e-01	3.7517537061e-01	8.3556900245e-01	4.8972905594e-01	8.9073100761e-01	3.4692322039e-01	8.0758356400e-01	5.5388486441e-01	8.8075743008e-01	3.7434971158e-01	8.3483185420e-01	4.9149054219e-01
3.5644324619e+00																8.9085532563e-01	3.4657730499e-01	8.0720663876e-01	5.5471152653e-01	8.8043851751e-01	3.7521545234e-01	8.3560568412e-01	4.8964189832e-01	8.9072568655e-01	3.4693846557e-01	8.0760118587e-01	5.5384689983e-01	8.8077308411e-01	3.7430767703e-01	8.3479521517e-01	4.9157859390e-01
3.5644368146e+00																8.9086123857e-01	3.4656125252e-01	8.0719006648e-01	5.5474849685e-01	8.8042516820e-01	3.7525211455e-01	8.3563931345e-01	4.8956203436e-01	8.9072085424e-01	3.4695234923e-01	8.0761732063e-01	5.5381219413e-01	8.8078747777e-01	3.7426906203e-01	8.3476162849e-01	4.9165935191e-01
3.5644411673e+00																8.9086676762e-01	3.4654626947e-01	8.0717466221e-01	5.5478290759e-01	8.8041280875e-01	3.7528609116e-01	8.3567054561e-01	4.8948789848e-01	8.9071640582e-01	3.4696516348e-01	8.0763228735e-01	5.5378004807e-01	8.8080088155e-01	3.7423313266e-01	8.3473043901e-01	4.9173438180e-01
3.5644455200e+00																8.9087198475e-01	3.4653215530e-01	8.0716020691e-01	5.5481523874e-01	8.8040125348e-01	3.7531788593e-01	8.3569983033e-01	4.8941841605e-01	8.9071226932e-01	3.4697710882e-01	8.0764630508e-01	5.5374998167e-01	8.8081348113e-01	3.7419938515e-01	8.3470119699e-01	4.9180475819e-01
3.5644498727e+00																8.9087694191e-01	3.4651876531e-01	8.0714654252e-01	5.5484583669e-01	8.8039036840e-01	3.7534786244e-01	8.3572749213e-01	4.8935281155e-01	8.9070839279e-01	3.4698832997e-01	8.0765953186e-01	5.5372164853e-01	8.8082541051e-01	3.7416745594e-01	8.3467357790e-01	4.9187125662e-01
3.5644933997e+00																8.9091783685e-01	3.4640903477e-01	8.0703629261e-01	5.5509397682e-01	8.8030387813e-01	3.7558696345e-01	8.3594996932e-01	4.8882613460e-01	8.9067830414e-01	3.4707637154e-01	8.0776540424e-01	5.5349616035e-01	8.8092234308e-01	3.7390882942e-01	8.3445152889e-01	4.9240687038e-01
3.5645369266e+00																8.9095034701e-01	3.4632265911e-01	8.0695154294e-01	5.5528623685e-01	8.8023898221e-01	3.7576748159e-01	8.3612017168e-01	4.8842436381e-01	8.9065660028e-01	3.4714105714e-01	8.0784577365e-01	5.5332655910e-01	8.8099767992e-01	3.7370878859e-01	8.3428175660e-01	4.9281757366e-01
3.5645804536e+00																8.9097854012e-01	3.4624830690e-01	8.0687991745e-01	5.5544973780e-01	8.8018519262e-01	3.7591787181e-01	8.3626349767e-01	4.8808680921e-01	8.9063921348e-01	3.4719371820e-01	8.0791301618e-01	5.5318572375e-01	8.8106190907e-01	3.7353887847e-01	8.3413886256e-01	4.9316405642e-01
3.5646239806e+00																8.9100397858e-01	3.4618162587e-01	8.0681666304e-01	5.5559489556e-01	8.8013848240e-01	3.7604905936e-01	8.3638969803e-01	4.8779017158e-01	8.9062458133e-01	3.4723870703e-01	8.0797188491e-01	5.5306323838e-01	8.8111905750e-01	3.7338817382e-01	8.3401309605e-01	4.9346961785e-01
3.5646675076e+00																8.9102746086e-01	3.4612039191e-01	8.0675935101e-01	5.5572703239e-01	8.8009679432e-01	3.7616662532e-01	8.3650375336e-01	4.8752255006e-01	8.9061190537e-01	3.4727824771e-01	8.0802480856e-01	5.5295378074e-01	8.8117118242e-01	3.7325109357e-01	8.3389947645e-01	4.9374615886e-01
3.5647110346e+00																8.9104946036e-01	3.4606328634e-01	8.0670654150e-01	5.5584930354e-01	8.8005890909e-01	3.7627387753e-01	8.3660861536e-01	4.8727689180e-01	8.9060071219e-01	3.4731365895e-01	8.0807322700e-01	5.5285419555e-01	8.8121950314e-01	3.7312432988e-01	8.3379505208e-01	4.9400073225e-01
3.5647545615e+00																8.9107028520e-01	3.4600945095e-01	8.0665729751e-01	5.5596376232e-01	8.8002403338e-01	3.7637296808e-01	8.3670620421e-01	4.8704860876e-01	8.9059069367e-01	3.4734579895e-01	8.0811807723e-01	5.5276242949e-01	8.8126481297e-01	3.7300573066e-01	8.3369790275e-01	4.9423792609e-01
3.5647980885e+00																8.9109014925e-01	3.4595829004e-01	8.0661096868e-01	5.5607183388e-01	8.7999161672e-01	3.7646539026e-01	8.3679785216e-01	4.8683451768e-01	8.9058163594e-01	3.4737526343e-01	8.0816000960e-01	5.5267705740e-01	8.8130766239e-01	3.7289380261e-01	8.3360669620e-01	4.9446092362e-01
3.5648416155e+00																8.9110920817e-01	3.4590937004e-01	8.0656708175e-01	5.5617455532e-01	8.7996125860e-01	3.7655223054e-01	8.3688452844e-01	4.8663230280e-01	8.9057338333e-01	3.4740248596e-01	8.0819949741e-01	5.5259704215e-01	8.8134845191e-01	3.7278745927e-01	8.3352046322e-01	4.9467204061e-01
3.5648851425e+00																8.9112757947e-01	3.4586236372e-01	8.0652527953e-01	5.5627270936e-01	8.7993265680e-01	3.7663430865e-01	8.3696696424e-01	4.8644021707e-01	8.9056581834e-01	3.4742779379e-01	8.0823689784e-01	5.5252160102e-01	8.8138748374e-01	3.7268588092e-01	8.3343847260e-01	4.9487302411e-01
3.5649286694e+00																8.9114535440e-01	3.4581701687e-01	8.0648528456e-01	5.5636690397e-01	8.7990557666e-01	3.7671226118e-01	8.3704572735e-01	4.8625690391e-01	8.9055884969e-01	3.4745144112e-01	8.0827248835e-01	5.5245012602e-01	8.8142499256e-01	3.7258843096e-01	8.3336015657e-01	4.9506523070e-01
3.5649721964e+00																8.9116260557e-01	3.4577312733e-01	8.0644687621e-01	5.5645762262e-01	8.7987983159e-01	3.7678659421e-01	8.3712126911e-01	4.8608128496e-01	8.9055240480e-01	3.4747363012e-01	8.0830648958e-01	5.5238213366e-01	8.8146116494e-01	3.7249460331e-01	8.3328506378e-01	4.9524973872e-01
3.5650157234e+00																8.9117939184e-01	3.4573053117e-01	8.0640987561e-01	5.5654525730e-01	8.7985527035e-01	3.7685771796e-01	8.3719395532e-01	4.8591248620e-01	8.9054642480e-01	3.4749452473e-01	8.0833908041e-01	5.5231723196e-01	8.8149615213e-01	3.7240398775e-01	8.3321282842e-01	4.9542742221e-01
3.5650592504e+00																8.9119576171e-01	3.4568909327e-01	8.0637413532e-01	5.5663013107e-01	8.7983176831e-01	3.7692597045e-01	8.3726408741e-01	4.8574978755e-01	8.9054086117e-01	3.4751426008e-01	8.0837040828e-01	5.5225509781e-01	8.8153007875e-01	3.7231624627e-01	8.3314314908e-01	4.9559900125e-01
3.5651027774e+00																8.9121175576e-01	3.4564870069e-01	8.0633953211e-01	5.5671251396e-01	8.7980922134e-01	3.7699163414e-01	8.3733191718e-01	4.8559258733e-01	8.9053567334e-01	3.4753294912e-01	8.0840059644e-01	5.5219546119e-01	8.8156304895e-01	3.7223109640e-01	8.3307577394e-01	4.9576507750e-01
3.5651463043e+00																8.9122740830e-01	3.4560925787e-01	8.0630596173e-01	5.5679263441e-01	8.7978754135e-01	3.7705494791e-01	8.3739765763e-01	4.8544037674e-01	8.9053082700e-01	3.4755068741e-01	8.0842974913e-01	5.5213809362e-01	8.8159515080e-01	3.7214829926e-01	8.3301049002e-01	4.9592615978e-01
3.5651898313e+00																8.9124274866e-01	3.4557068310e-01	8.0627333504e-01	5.5687068775e-01	8.7976665304e-01	3.7711611597e-01	8.3746149077e-01	4.8529272090e-01	8.9052629280e-01	3.4756755667e-01	8.0845795551e-01	5.5208279980e-01	8.8162645960e-01	3.7206765066e-01	8.3294711530e-01	4.9608268295e-01
3.5652333583e+00																8.9125780219e-01	3.4553290586e-01	8.0624157512e-01	5.5694684252e-01	8.7974649147e-01	3.7717531449e-01	8.3752357364e-01	4.8514924465e-01	8.9052204542e-01	3.4758362742e-01	8.0848529249e-01	5.5202941114e-01	8.8165704030e-01	3.7198897441e-01	8.3288549274e-01	4.9623502219e-01
3.5652768853e+00																8.9127259090e-01	3.4549586478e-01	8.0621061504e-01	5.5702124538e-01	8.7972700011e-01	3.7723269673e-01	8.3758404283e-01	4.8500962166e-01	8.9051806281e-01	3.4759896105e-01	8.0851182702e-01	5.5197778097e-01	8.8168694943e-01	3.7191211726e-01	8.3282548576e-01	4.9638350381e-01
3.5653204123e+00																8.9128713414e-01	3.4545950606e-01	8.0618039612e-01	5.5709402490e-01	8.7970812943e-01	3.7728839701e-01	8.3764301803e-01	4.8487356598e-01	8.9051432564e-01	3.4761361136e-01	8.0853761778e-01	5.5192778071e-01	8.8171623651e-01	3.7183694488e-01	8.3276697464e-01	4.9652841377e-01
3.5653639392e+00																8.9130144895e-01	3.4542378221e-01	8.0615086658e-01	5.5716529455e-01	8.7968983574e-01	3.7734253382e-01	8.3770060485e-01	4.8474082535e-01	8.9051081687e-01	3.4762762584e-01	8.0856271656e-01	5.5187929689e-01	8.8174494523e-01	3.7176333880e-01	8.3270985381e-01	4.9667000432e-01
3.5654074662e+00																8.9131555047e-01	3.4538865109e-01	8.0612198047e-01	5.5723515503e-01	8.7967208026e-01	3.7739521234e-01	8.3775689699e-01	4.8461117591e-01	8.9050752135e-01	3.4764104665e-01	8.0858716931e-01	5.5183222876e-01	8.8177311438e-01	3.7169119383e-01	8.3265402955e-01	4.9680849933e-01
3.5654509932e+00																8.9132945221e-01	3.4535407506e-01	8.0609369675e-01	5.5730369625e-01	8.7965482837e-01	3.7744652641e-01	8.3781197806e-01	4.8448441790e-01	8.9050442556e-01	3.4765391143e-01	8.0861101709e-01	5.5178648643e-01	8.8180077858e-01	3.7162041612e-01	8.3259941825e-01	4.9694409855e-01
3.5654945202e+00																8.9134316632e-01	3.4532002036e-01	8.0606597860e-01	5.5737099887e-01	8.7963804903e-01	3.7749656022e-01	8.3786592305e-01	4.8436037220e-01	8.9050151737e-01	3.4766625395e-01	8.0863429670e-01	5.5174198921e-01	8.8182796886e-01	3.7155092150e-01	8.3254594491e-01	4.9707698111e-01
3.5655380472e+00																8.9135670371e-01	3.4528645655e-01	8.0603879287e-01	5.5743713556e-01	8.7962171427e-01	3.7754538961e-01	8.3791879952e-01	4.8423887743e-01	8.9049878584e-01	3.4767810464e-01	8.0865704133e-01	5.5169866442e-01	8.8185471319e-01	3.7148263413e-01	8.3249354200e-01	4.9720730838e-01
3.5655815741e+00																8.9137007427e-01	3.4525335611e-01	8.0601210953e-01	5.5750217211e-01	8.7960579878e-01	3.7759308317e-01	8.3797066857e-01	4.8411978762e-01	8.9049622109e-01	3.4768949105e-01	8.0867928099e-01	5.5165644626e-01	8.8188103688e-01	3.7141548540e-01	8.3244214839e-01	4.9733522633e-01
3.5656251011e+00																8.9138328700e-01	3.4522069401e-01	8.0598590130e-01	5.5756616825e-01	8.7959027959e-01	3.7763970323e-01	8.3802158571e-01	4.8400297019e-01	8.9049381412e-01	3.4770043822e-01	8.0870104297e-01	5.5161527497e-01	8.8190696291e-01	3.7134941300e-01	8.3239170859e-01	4.9746086755e-01
3.5656686281e+00																8.9139635009e-01	3.4518844743e-01	8.0596014334e-01	5.5762917847e-01	8.7957513575e-01	3.7768530660e-01	8.3807160150e-01	4.8388830430e-01	8.9049155673e-01	3.4771096895e-01	8.0872235213e-01	5.5157509606e-01	8.8193251223e-01	3.7128436012e-01	8.3234217202e-01	4.9758435285e-01
3.5657121551e+00																8.9140927104e-01	3.4515659550e-01	8.0593481289e-01	5.5769125261e-01	8.7956034808e-01	3.7772994521e-01	8.3812076222e-01	4.8377567947e-01	8.9048944143e-01	3.4772110414e-01	8.0874323123e-01	5.5153585967e-01	8.8195770400e-01	3.7122027481e-01	8.3229349242e-01	4.9770579274e-01
3.5657556820e+00																8.9142205673e-01	3.4512511907e-01	8.0590988908e-01	5.5775243639e-01	8.7954589902e-01	3.7777366674e-01	8.3816911029e-01	4.8366499435e-01	8.9048746133e-01	3.4773086293e-01	8.0876370113e-01	5.5149752006e-01	8.8198255580e-01	3.7115710943e-01	8.3224562736e-01	4.9782528856e-01
3.5657992090e+00																8.9143471350e-01	3.4509400051e-01	8.0588535271e-01	5.5781277189e-01	8.7953177239e-01	3.7781651501e-01	8.3821668474e-01	4.8355615570e-01	8.9048561010e-01	3.4774026297e-01	8.0878378106e-01	5.5146003514e-01	8.8200708380e-01	3.7109482012e-01	8.3219853782e-01	4.9794293355e-01
3.5658427360e+00																8.9144724718e-01	3.4506322356e-01	8.0586118605e-01	5.5787229796e-01	8.7951795327e-01	3.7785853048e-01	8.3826352159e-01	4.8344907751e-01	8.9048388188e-01	3.4774932053e-01	8.0880348875e-01	5.5142336606e-01	8.8203130292e-01	3.7103336645e-01	8.3215218777e-01	4.9805881371e-01
3.5658862630e+00																8.9145966318e-01	3.4503277315e-01	8.0583737270e-01	5.5793105051e-01	8.7950442787e-01	3.7789975055e-01	8.3830965411e-01	4.8334368026e-01	8.9048227127e-01	3.4775805067e-01	8.0882284059e-01	5.5138747688e-01	8.8205522695e-01	3.7097271099e-01	8.3210654394e-01	4.9817300857e-01
3.5659297900e+00																8.9147196653e-01	3.4500263534e-01	8.0581389747e-01	5.5798906285e-01	8.7949118338e-01	3.7794020992e-01	8.3835511318e-01	4.8323989021e-01	8.9048077325e-01	3.4776646735e-01	8.0884185179e-01	5.5135233428e-01	8.8207886870e-01	3.7091281908e-01	8.3206157544e-01	4.9828559186e-01
3.5659733169e+00																8.9148416187e-01	3.4497279716e-01	8.0579074623e-01	5.5804636593e-01	8.7947820793e-01	3.7797994079e-01	8.3839992748e-01	4.8313763889e-01	8.9047938316e-01	3.4777458355e-01	8.0886053650e-01	5.5131790729e-01	8.8210224005e-01	3.7085365849e-01	8.3201725362e-01	4.9839663206e-01
3.5660168439e+00																8.9149625356e-01	3.4494324651e-01	8.0576790581e-01	5.5810298860e-01	8.7946549044e-01	3.7801897317e-01	8.3844412370e-01	4.8303686252e-01	8.9047809665e-01	3.4778241137e-01	8.0887890787e-01	5.5128416706e-01	8.8212535207e-01	3.7079519922e-01	8.3197355177e-01	4.9850619293e-01
3.5660603709e+00																8.9150824564e-01	3.4491397212e-01	8.0574536393e-01	5.5815895774e-01	8.7945302059e-01	3.7805733505e-01	8.3848772674e-01	4.8293750163e-01	8.9047690967e-01	3.4778996207e-01	8.0889697819e-01	5.5125108668e-01	8.8214821507e-01	3.7073741328e-01	8.3193044499e-01	4.9861433397e-01
3.5661038979e+00																8.9152014190e-01	3.4488496345e-01	8.0572310912e-01	5.5821429853e-01	8.7944078873e-01	3.7809505259e-01	8.3853075989e-01	4.8283950061e-01	8.9047581843e-01	3.4779724623e-01	8.0891475895e-01	5.5121864097e-01	8.8217083872e-01	3.7068027452e-01	8.3188791000e-01	4.9872111076e-01
3.5661474249e+00																8.9153194590e-01	3.4485621062e-01	8.0570113062e-01	5.5826903451e-01	8.7942878582e-01	3.7813215030e-01	8.3857324492e-01	4.8274280743e-01	8.9047481937e-01	3.4780427371e-01	8.0893226090e-01	5.5118680636e-01	8.8219323206e-01	3.7062375842e-01	8.3184592500e-01	4.9882657535e-01
3.5661909518e+00																8.9154366095e-01	3.4482770437e-01	8.0567941835e-01	5.5832318779e-01	8.7941700338e-01	3.7816865114e-01	8.3861520229e-01	4.8264737325e-01	8.9047390917e-01	3.4781105380e-01	8.0894949415e-01	5.5115556074e-01	8.8221540355e-01	3.7056784202e-01	8.3180446958e-01	4.9893077657e-01
3.5662344788e+00																8.9155529020e-01	3.4479943598e-01	8.0565796281e-01	5.5837677914e-01	8.7940543345e-01	3.7820457671e-01	8.3865665119e-01	4.8255315224e-01	8.9047308469e-01	3.4781759520e-01	8.0896646817e-01	5.5112488332e-01	8.8223736116e-01	3.7051250373e-01	8.3176352451e-01	4.9903376025e-01
3.5662780058e+00																8.9156683658e-01	3.4477139726e-01	8.0563675510e-01	5.5842982811e-01	8.7939406852e-01	3.7823994732e-01	8.3869760968e-01	4.8246010123e-01	8.9047234298e-01	3.4782390613e-01	8.0898319191e-01	5.5109475453e-01	8.8225911239e-01	3.7045772323e-01	8.3172307174e-01	4.9913556955e-01
3.5663215328e+00																8.9157830288e-01	3.4474358048e-01	8.0561578680e-01	5.5848235312e-01	8.7938290155e-01	3.7827478210e-01	8.3873809479e-01	4.8236817959e-01	8.9047168127e-01	3.4782999431e-01	8.0899967376e-01	5.5106515595e-01	8.8228066431e-01	3.7040348140e-01	8.3168309424e-01	4.9923624511e-01
3.5663650598e+00																8.9158969172e-01	3.4471597835e-01	8.0559504997e-01	5.5853437156e-01	8.7937192586e-01	3.7830909913e-01	8.3877812257e-01	4.8227734897e-01	8.9047109692e-01	3.4783586705e-01	8.0901592168e-01	5.5103607016e-01	8.8230202356e-01	3.7034976016e-01	8.3164357597e-01	4.9933582529e-01
3.5664085867e+00																8.9160100556e-01	3.4468858397e-01	8.0557453711e-01	5.5858589987e-01	8.7936113516e-01	3.7834291545e-01	8.3881770819e-01	4.8218757312e-01	8.9047058747e-01	3.4784153124e-01	8.0903194318e-01	5.5100748072e-01	8.8232319646e-01	3.7029654245e-01	8.3160450175e-01	4.9943434631e-01
3.5664521137e+00																8.9161224676e-01	3.4466139083e-01	8.0555424113e-01	5.5863695359e-01	8.7935052349e-01	3.7837624722e-01	8.3885686601e-01	4.8209881779e-01	8.9047015056e-01	3.4784699342e-01	8.0904774535e-01	5.5097937206e-01	8.8234418896e-01	3.7024381214e-01	8.3156585723e-01	4.9953184245e-01
3.5664956407e+00																8.9162341755e-01	3.4463439273e-01	8.0553415529e-01	5.5868754746e-01	8.7934008522e-01	3.7840910972e-01	8.3889560961e-01	4.8201105051e-01	8.9046978397e-01	3.4785225978e-01	8.0906333493e-01	5.5095172944e-01	8.8236500669e-01	3.7019155394e-01	8.3152762881e-01	4.9962834616e-01
3.5665391677e+00																8.9163452001e-01	3.4460758383e-01	8.0551427323e-01	5.5873769545e-01	8.7932981498e-01	3.7844151746e-01	8.3893395189e-01	4.8192424051e-01	8.9046948559e-01	3.4785733618e-01	8.0907871830e-01	5.5092453887e-01	8.8238565501e-01	3.7013975333e-01	8.3148980362e-01	4.9972388822e-01
3.5665826947e+00																8.9164555617e-01	3.4458095854e-01	8.0549458888e-01	5.5878741084e-01	8.7931970770e-01	3.7847348420e-01	8.3897190507e-01	4.8183835856e-01	8.9046925341e-01	3.4786222820e-01	8.0909390153e-01	5.5089778706e-01	8.8240613900e-01	3.7008839657e-01	8.3145236941e-01	4.9981849785e-01
3.5666262216e+00																8.9165652791e-01	3.4455451157e-01	8.0547509648e-01	5.5883670623e-01	8.7930975855e-01	3.7850502302e-01	8.3900948078e-01	4.8175337691e-01	8.9046908553e-01	3.4786694114e-01	8.0910889038e-01	5.5087146139e-01	8.8242646349e-01	3.7003747057e-01	8.3141531457e-01	4.9991220280e-01
3.5666697486e+00																8.9166743706e-01	3.4452823790e-01	8.0545579056e-01	5.5888559364e-01	8.7929996294e-01	3.7853614636e-01	8.3904669008e-01	4.8166926916e-01	8.9046898014e-01	3.4787148004e-01	8.0912369034e-01	5.5084554984e-01	8.8244663307e-01	3.6998696288e-01	8.3137862803e-01	5.0000502948e-01
3.5667132756e+00																8.9167828534e-01	3.4450213271e-01	8.0543666590e-01	5.5893408448e-01	8.7929031649e-01	3.7856686609e-01	8.3908354349e-01	4.8158601015e-01	8.9046893551e-01	3.4787584971e-01	8.0913830662e-01	5.5082004096e-01	8.8246665211e-01	3.6993686165e-01	8.3134229926e-01	5.0009700304e-01
3.5667568026e+00																8.9168907438e-01	3.4447619144e-01	8.0541771752e-01	5.5898218967e-01	8.7928081504e-01	3.7859719348e-01	8.3912005106e-01	4.8150357593e-01	8.9046895000e-01	3.4788005473e-01	8.0915274422e-01	5.5079492384e-01	8.8248652479e-01	3.6988715560e-01	8.3130631824e-01	5.0018814744e-01
3.5668003295e+00																8.9169980577e-01	3.4445040971e-01	8.0539894068e-01	5.5902991960e-01	8.7927145461e-01	3.7862713932e-01	8.3915622235e-01	4.8142194363e-01	8.9046902202e-01	3.4788409948e-01	8.0916700788e-01	5.5077018807e-01	8.8250625507e-01	3.6983783394e-01	8.3127067539e-01	5.0027848553e-01
3.5668438565e+00																8.9171048099e-01	3.4442478336e-01	8.0538033084e-01	5.5907728420e-01	8.7926223140e-01	3.7865671390e-01	8.3919206650e-01	4.8134109144e-01	8.9046915008e-01	3.4788798813e-01	8.0918110215e-01	5.5074582369e-01	8.8252584676e-01	3.6978888638e-01	8.3123536157e-01	5.0036803913e-01
3.5668873835e+00																8.9172110149e-01	3.4439930839e-01	8.0536188366e-01	5.5912429297e-01	8.7925314178e-01	3.7868592705e-01	8.3922759224e-01	4.8126099849e-01	8.9046933274e-01	3.4789172468e-01	8.0919503136e-01	5.5072182120e-01	8.8254530348e-01	3.6974030310e-01	8.3120036804e-01	5.0045682911e-01
3.5669309105e+00																8.9173166864e-01	3.4437398100e-01	8.0534359500e-01	5.5917095500e-01	8.7924418228e-01	3.7871478818e-01	8.3926280794e-01	4.8118164485e-01	8.9046956863e-01	3.4789531294e-01	8.0920879968e-01	5.5069817151e-01	8.8256462871e-01	3.6969207469e-01	8.3116568646e-01	5.0054487541e-01
3.5669744375e+00																8.9174218374e-01	3.4434879753e-01	8.0532546089e-01	5.5921727899e-01	8.7923534958e-01	3.7874330629e-01	8.3929772158e-01	4.8110301143e-01	8.9046985643e-01	3.4789875658e-01	8.0922241106e-01	5.5067486589e-01	8.8258382578e-01	3.6964419214e-01	8.3113130883e-01	5.0063219711e-01
3.5670179644e+00																8.9175264806e-01	3.4432375448e-01	8.0530747752e-01	5.5926327326e-01	8.7922664048e-01	3.7877149000e-01	8.3933234081e-01	4.8102507994e-01	8.9047019488e-01	3.4790205911e-01	8.0923586934e-01	5.5065189600e-01	8.8260289786e-01	3.6959664683e-01	8.3109722750e-01	5.0071881249e-01
3.5670614914e+00																8.9176306281e-01	3.4429884850e-01	8.0528964125e-01	5.5930894580e-01	8.7921805195e-01	3.7879934758e-01	8.3936667298e-01	4.8094783285e-01	8.9047058278e-01	3.4790522388e-01	8.0924917815e-01	5.5062925383e-01	8.8262184800e-01	3.6954943050e-01	8.3106343512e-01	5.0080473908e-01
3.5671050184e+00																8.9177342914e-01	3.4427407636e-01	8.0527194857e-01	5.5935430429e-01	8.7920958105e-01	3.7882688696e-01	8.3940072513e-01	4.8087125337e-01	8.9047101896e-01	3.4790825412e-01	8.0926234101e-01	5.5060693172e-01	8.8264067913e-01	3.6950253521e-01	8.3102992466e-01	5.0088999370e-01
3.5671485454e+00																8.9178374816e-01	3.4424943497e-01	8.0525439614e-01	5.5939935608e-01	8.7920122498e-01	3.7885411576e-01	8.3943450401e-01	4.8079532535e-01	8.9047150230e-01	3.4791115295e-01	8.0927536128e-01	5.5058492227e-01	8.8265939407e-01	3.6945595336e-01	8.3099668935e-01	5.0097459246e-01
3.5671920724e+00																8.9179402094e-01	3.4422492135e-01	8.0523698070e-01	5.5944410825e-01	8.7919298103e-01	3.7888104128e-01	8.3946801612e-01	4.8072003329e-01	8.9047203174e-01	3.4791392332e-01	8.0928824220e-01	5.5056321841e-01	8.8267799552e-01	3.6940967763e-01	8.3096372272e-01	5.0105855088e-01
3.5672355993e+00																8.9180424852e-01	3.4420053266e-01	8.0521969918e-01	5.5948856760e-01	8.7918484660e-01	3.7890767056e-01	8.3950126768e-01	4.8064536231e-01	8.9047260624e-01	3.4791656811e-01	8.0930098687e-01	5.5054181332e-01	8.8269648606e-01	3.6936370099e-01	8.3093101851e-01	5.0114188383e-01
3.5672791263e+00																8.9181443188e-01	3.4417626613e-01	8.0520254856e-01	5.5953274067e-01	8.7917681921e-01	3.7893401035e-01	8.3953426471e-01	4.8057129808e-01	8.9047322482e-01	3.4791909008e-01	8.0931359829e-01	5.5052070044e-01	8.8271486819e-01	3.6931801668e-01	8.3089857074e-01	5.0122460566e-01
3.5673226533e+00																8.9182457196e-01	3.4415211913e-01	8.0518552599e-01	5.5957663376e-01	8.7916889644e-01	3.7896006717e-01	8.3956701297e-01	4.8049782682e-01	8.9047388652e-01	3.4792149187e-01	8.0932607935e-01	5.5049987346e-01	8.8273314432e-01	3.6927261820e-01	8.3086637362e-01	5.0130673013e-01
3.5673661803e+00																8.9183466970e-01	3.4412808911e-01	8.0516862869e-01	5.5962025294e-01	8.7916107600e-01	3.7898584728e-01	8.3959951802e-01	4.8042493525e-01	8.9047459042e-01	3.4792377605e-01	8.0933843281e-01	5.5047932631e-01	8.8275131676e-01	3.6922749929e-01	8.3083442161e-01	5.0138827052e-01
3.5674097073e+00																8.9184472597e-01	3.4410417360e-01	8.0515185399e-01	5.5966360404e-01	8.7915335564e-01	3.7901135671e-01	8.3963178522e-01	4.8035261060e-01	8.9047533564e-01	3.4792594507e-01	8.0935066135e-01	5.5045905312e-01	8.8276938773e-01	3.6918265389e-01	8.3080270934e-01	5.0146923961e-01
3.5674532342e+00																8.9185474162e-01	3.4408037023e-01	8.0513519932e-01	5.5970669271e-01	8.7914573321e-01	3.7903660128e-01	8.3966381973e-01	4.8028084053e-01	8.9047612131e-01	3.4792800132e-01	8.0936276756e-01	5.5043904824e-01	8.8278735939e-01	3.6913807621e-01	8.3077123166e-01	5.0154964973e-01
3.5674967612e+00																8.9186471749e-01	3.4405667672e-01	8.0511866220e-01	5.5974952438e-01	8.7913820666e-01	3.7906158661e-01	8.3969562652e-01	4.8020961316e-01	8.9047694662e-01	3.4792994709e-01	8.0937475391e-01	5.5041930622e-01	8.8280523381e-01	3.6909376062e-01	8.3073998358e-01	5.0162951277e-01
3.5675402882e+00																8.9187465435e-01	3.4403309087e-01	8.0510224023e-01	5.5979210431e-01	8.7913077397e-01	3.7908631812e-01	8.3972721040e-01	4.8013891702e-01	8.9047781077e-01	3.4793178458e-01	8.0938662281e-01	5.5039982179e-01	8.8282301299e-01	3.6904970170e-01	8.3070896031e-01	5.0170884018e-01
3.5675838152e+00																8.9188455298e-01	3.4400961054e-01	8.0508593109e-01	5.5983443756e-01	8.7912343321e-01	3.7911080103e-01	8.3975857601e-01	4.8006874105e-01	8.9047871299e-01	3.4793351595e-01	8.0939837658e-01	5.5038058989e-01	8.8284069886e-01	3.6900589424e-01	8.3067815720e-01	5.0178764305e-01
3.5676273421e+00																8.9189441412e-01	3.4398623366e-01	8.0506973255e-01	5.5987652903e-01	8.7911618253e-01	3.7913504039e-01	8.3978972782e-01	4.7999907454e-01	8.9047965253e-01	3.4793514325e-01	8.0941001747e-01	5.5036160558e-01	8.8285829329e-01	3.6896233317e-01	8.3064756978e-01	5.0186593206e-01
3.5676708691e+00																8.9190423849e-01	3.4396295826e-01	8.0505364246e-01	5.5991838345e-01	8.7910902010e-01	3.7915904109e-01	8.3982067017e-01	4.7992990716e-01	8.9048062868e-01	3.4793666849e-01	8.0942154764e-01	5.5034286413e-01	8.8287579807e-01	3.6891901362e-01	8.3061719371e-01	5.0194371755e-01
3.5677143961e+00																8.9191402677e-01	3.4393978239e-01	8.0503765870e-01	5.5996000541e-01	8.7910194421e-01	3.7918280786e-01	8.3985140723e-01	4.7986122892e-01	8.9048164074e-01	3.4793809360e-01	8.0943296918e-01	5.5032436095e-01	8.8289321496e-01	3.6887593086e-01	8.3058702482e-01	5.0202100951e-01
3.5677579231e+00																8.9192377964e-01	3.4391670420e-01	8.0502177928e-01	5.6000139934e-01	8.7909495314e-01	3.7920634525e-01	8.3988194306e-01	4.7979303016e-01	8.9048268804e-01	3.4793942044e-01	8.0944428413e-01	5.5030609157e-01	8.8291054563e-01	3.6883308032e-01	8.3055705905e-01	5.0209781761e-01
3.5678014501e+00																8.9193349776e-01	3.4389372189e-01	8.0500600222e-01	5.6004256952e-01	8.7908804528e-01	3.7922965769e-01	8.3991228158e-01	4.7972530153e-01	8.9048376993e-01	3.4794065084e-01	8.0945549445e-01	5.5028805172e-01	8.8292779172e-01	3.6879045760e-01	8.3052729249e-01	5.0217415119e-01
3.5678449770e+00																8.9194318174e-01	3.4387083370e-01	8.0499032563e-01	5.6008352010e-01	8.7908121904e-01	3.7925274945e-01	8.3994242657e-01	4.7965803397e-01	8.9048488577e-01	3.4794178654e-01	8.0946660205e-01	5.5027023721e-01	8.8294495482e-01	3.6874805841e-01	8.3049772134e-01	5.0225001930e-01
3.5678885040e+00																8.9195283219e-01	3.4384803794e-01	8.0497474767e-01	5.6012425512e-01	8.7907447290e-01	3.7927562468e-01	8.3997238172e-01	4.7959121871e-01	8.9048603496e-01	3.4794282924e-01	8.0947760876e-01	5.5025264401e-01	8.8296203644e-01	3.6870587860e-01	8.3046834194e-01	5.0232543073e-01
3.5679320310e+00																8.9196244971e-01	3.4382533297e-01	8.0495926656e-01	5.6016477846e-01	8.7906780536e-01	3.7929828740e-01	8.4000215056e-01	4.7952484727e-01	8.9048721690e-01	3.4794378059e-01	8.0948851637e-01	5.5023526821e-01	8.8297903808e-01	3.6866391416e-01	8.3043915072e-01	5.0240039395e-01
3.5679755580e+00																8.9197203488e-01	3.4380271720e-01	8.0494388059e-01	5.6020509392e-01	8.7906121499e-01	3.7932074150e-01	8.4003173657e-01	4.7945891140e-01	8.9048843101e-01	3.4794464219e-01	8.0949932662e-01	5.5021810602e-01	8.8299596118e-01	3.6862216120e-01	8.3041014423e-01	5.0247491720e-01
3.5680190850e+00																8.9198158823e-01	3.4378018909e-01	8.0492858806e-01	5.6024520516e-01	8.7905470040e-01	3.7934299075e-01	8.4006114307e-01	4.7939340313e-01	8.9048967675e-01	3.4794541560e-01	8.0951004118e-01	5.5020115374e-01	8.8301280712e-01	3.6858061594e-01	8.3038131914e-01	5.0254900846e-01
3.5680626119e+00																8.9199111033e-01	3.4375774713e-01	8.0491338736e-01	5.6028511574e-01	8.7904826023e-01	3.7936503882e-01	8.4009037331e-01	4.7932831471e-01	8.9049095356e-01	3.4794610230e-01	8.0952066169e-01	5.5018440781e-01	8.8302957726e-01	3.6853927472e-01	8.3035267219e-01	5.0262267549e-01
3.5681061389e+00																8.9200060168e-01	3.4373538987e-01	8.0489827690e-01	5.6032482910e-01	8.7904189318e-01	3.7938688926e-01	8.4011943045e-01	4.7926363862e-01	8.9049226092e-01	3.4794670378e-01	8.0953118972e-01	5.5016786477e-01	8.8304627291e-01	3.6849813399e-01	8.3032420025e-01	5.0269592578e-01
3.5681496659e+00																8.9201006279e-01	3.4371311590e-01	8.0488325517e-01	5.6036434862e-01	8.7903559796e-01	3.7940854551e-01	8.4014831753e-01	4.7919936758e-01	8.9049359833e-01	3.4794722144e-01	8.0954162682e-01	5.5015152123e-01	8.8306289534e-01	3.6845719030e-01	8.3029590025e-01	5.0276876664e-01
3.5681931929e+00																8.9201949417e-01	3.4369092385e-01	8.0486832067e-01	5.6040367754e-01	8.7902937333e-01	3.7943001095e-01	8.4017703752e-01	4.7913549450e-01	8.9049496528e-01	3.4794765666e-01	8.0955197448e-01	5.5013537394e-01	8.8307944581e-01	3.6841644029e-01	8.3026776922e-01	5.0284120514e-01
3.5682367199e+00																8.9202889628e-01	3.4366881238e-01	8.0485347194e-01	5.6044281903e-01	8.7902321811e-01	3.7945128880e-01	8.4020559331e-01	4.7907201251e-01	8.9049636129e-01	3.4794801078e-01	8.0956223415e-01	5.5011941971e-01	8.8309592550e-01	3.6837588072e-01	8.3023980430e-01	5.0291324817e-01
3.5682802468e+00																8.9203826961e-01	3.4364678019e-01	8.0483870760e-01	5.6048177617e-01	8.7901713111e-01	3.7947238225e-01	8.4023398770e-01	4.7900891491e-01	8.9049778589e-01	3.4794828512e-01	8.0957240725e-01	5.5010365546e-01	8.8311233558e-01	3.6833550841e-01	8.3021200266e-01	5.0298490241e-01
3.5683237738e+00																8.9204761459e-01	3.4362482604e-01	8.0482402627e-01	5.6052055194e-01	8.7901111120e-01	3.7949329437e-01	8.4026222340e-01	4.7894619520e-01	8.9049923863e-01	3.4794848092e-01	8.0958249514e-01	5.5008807816e-01	8.8312867720e-01	3.6829532030e-01	8.3018436160e-01	5.0305617436e-01
3.5683673008e+00																8.9205693167e-01	3.4360294868e-01	8.0480942663e-01	5.6055914927e-01	8.7900515727e-01	3.7951402814e-01	8.4029030307e-01	4.7888384708e-01	8.9050071907e-01	3.4794859943e-01	8.0959249915e-01	5.5007268491e-01	8.8314495145e-01	3.6825531339e-01	8.3015687846e-01	5.0312707034e-01
3.5684108278e+00																8.9206622129e-01	3.4358114693e-01	8.0479490738e-01	5.6059757098e-01	8.7899926826e-01	3.7953458647e-01	8.4031822927e-01	4.7882186439e-01	8.9050222677e-01	3.4794864185e-01	8.0960242060e-01	5.5005747285e-01	8.8316115941e-01	3.6821548478e-01	8.3012955068e-01	5.0319759648e-01
3.5684543547e+00																8.9207548385e-01	3.4355941962e-01	8.0478046725e-01	5.6063581983e-01	8.7899344312e-01	3.7955497221e-01	8.4034600452e-01	4.7876024116e-01	8.9050376131e-01	3.4794860933e-01	8.0961226074e-01	5.5004243922e-01	8.8317730213e-01	3.6817583164e-01	8.3010237574e-01	5.0326775878e-01
3.5684978817e+00																8.9208471977e-01	3.4353776563e-01	8.0476610504e-01	5.6067389851e-01	8.7898768082e-01	3.7957518809e-01	8.4037363125e-01	4.7869897157e-01	8.9050532228e-01	3.4794850303e-01	8.0962202080e-01	5.5002758133e-01	8.8319338062e-01	3.6813635120e-01	8.3007535121e-01	5.0333756304e-01
3.5685414087e+00																8.9209392944e-01	3.4351618385e-01	8.0475181954e-01	5.6071180961e-01	8.7898198037e-01	3.7959523680e-01	8.4040111183e-01	4.7863804995e-01	8.9050690929e-01	3.4794832405e-01	8.0963170198e-01	5.5001289653e-01	8.8320939588e-01	3.6809704080e-01	8.3004847471e-01	5.0340701494e-01
3.5685849357e+00																8.9210311325e-01	3.4349467322e-01	8.0473760959e-01	5.6074955570e-01	8.7897634082e-01	3.7961512096e-01	8.4042844857e-01	4.7857747079e-01	8.9050852194e-01	3.4794807346e-01	8.0964130545e-01	5.4999838228e-01	8.8322534887e-01	3.6805789781e-01	8.3002174394e-01	5.0347611998e-01
3.5686284627e+00																8.9211227157e-01	3.4347323267e-01	8.0472347405e-01	5.6078713924e-01	8.7897076122e-01	3.7963484311e-01	8.4045564374e-01	4.7851722871e-01	8.9051015986e-01	3.4794775233e-01	8.0965083235e-01	5.4998403608e-01	8.8324124053e-01	3.6801891969e-01	8.2999515664e-01	5.0354488355e-01
3.5686719896e+00																8.9212140477e-01	3.4345186120e-01	8.0470941184e-01	5.6082456267e-01	8.7896524065e-01	3.7965440573e-01	8.4048269951e-01	4.7845731848e-01	8.9051182268e-01	3.4794736166e-01	8.0966028379e-01	5.4996985550e-01	8.8325707178e-01	3.6798010397e-01	8.2996871062e-01	5.0361331087e-01
3.5687155166e+00																8.9213051322e-01	3.4343055782e-01	8.0469542186e-01	5.6086182832e-01	8.7895977823e-01	3.7967381123e-01	8.4050961803e-01	4.7839773500e-01	8.9051351003e-01	3.4794690248e-01	8.0966966085e-01	5.4995583817e-01	8.8327284350e-01	3.6794144822e-01	8.2994240374e-01	5.0368140704e-01
