0.0000000000e+00	0.0000000000e+00
2.2616322271e-03	0.0000000000e+00
4.5232644542e-03	0.0000000000e+00
6.7848966813e-03	0.0000000000e+00
9.0465289084e-03	0.0000000000e+00
1.1308161135e-02	0.0000000000e+00
1.3569793363e-02	0.0000000000e+00
1.5831425590e-02	0.0000000000e+00
1.8093057817e-02	0.0000000000e+00
2.0354690044e-02	0.0000000000e+00
2.2616322271e-02	0.0000000000e+00
4.5232644542e-02	0.0000000000e+00
6.7848966813e-02	0.0000000000e+00
9.0465289084e-02	0.0000000000e+00
1.1308161135e-01	0.0000000000e+00
1.3569793363e-01	0.0000000000e+00
1.5831425590e-01	0.0000000000e+00
1.8093057817e-01	0.0000000000e+00
2.0354690044e-01	0.0000000000e+00
2.2616322271e-01	0.0000000000e+00
2.4877954498e-01	0.0000000000e+00
2.7139586725e-01	0.0000000000e+00
2.9401218952e-01	0.0000000000e+00
3.1662851179e-01	0.0000000000e+00
3.3924483406e-01	0.0000000000e+00
3.6186115634e-01	0.0000000000e+00
3.8447747861e-01	0.0000000000e+00
4.0709380088e-01	0.0000000000e+00
4.2971012315e-01	0.0000000000e+00
4.5232644542e-01	0.0000000000e+00
4.7494276769e-01	0.0000000000e+00
4.9755908996e-01	0.0000000000e+00
5.2017541223e-01	4.9406564584e-324
5.4279173450e-01	4.9406564584e-324
5.6540805677e-01	4.9406564584e-324
5.8802437905e-01	4.9406564584e-324
6.1064070132e-01	4.9406564584e-324
6.3325702359e-01	4.9406564584e-324
6.5587334586e-01	4.9406564584e-324
6.7848966813e-01	4.9406564584e-324
7.0110599040e-01	4.9406564584e-324
7.2372231267e-01	4.9406564584e-324
7.4633863494e-01	4.9406564584e-324
7.6895495721e-01	9.8813129168e-324
7.9157127948e-01	9.8813129168e-324
8.1418760176e-01	9.8813129168e-324
8.3680392403e-01	1.4821969375e-323
8.5942024630e-01	1.4821969375e-323
8.8203656857e-01	1.9762625834e-323
9.0465289084e-01	2.4703282292e-323
9.2726921311e-01	2.9643938750e-323
9.4988553538e-01	4.4465908126e-323
9.7250185765e-01	8.8931816251e-323
9.9511817992e-01	8.6457941861e-141
1.0177345022e+00	3.2419713289e-01
1.0403508245e+00	4.8525412595e-01
1.0629671467e+00	6.0159448022e-01
1.0855834690e+00	6.9615144541e-01
1.1081997913e+00	7.7703383093e-01
1.1308161135e+00	8.4826042211e-01
1.1534324358e+00	9.1218105264e-01
1.1760487581e+00	9.7031556291e-01
1.1986650804e+00	1.0237167185e+00
1.2212814026e+00	1.0731509582e+00
1.2438977249e+00	1.1191977654e+00
1.2665140472e+00	1.1623084774e+00
1.2891303694e+00	1.2028431380e+00
1.3117466917e+00	1.2410946762e+00
1.3343630140e+00	1.2773053759e+00
1.3569793363e+00	1.3116784533e+00
1.3795956585e+00	1.3443864158e+00
1.4022119808e+00	1.3755772355e+00
1.4248283031e+00	1.4053790019e+00
1.4474446253e+00	1.4339034895e+00
1.4700609476e+00	1.4612489360e+00
1.4926772699e+00	1.4875022359e+00
1.5152935922e+00	1.5127406937e+00
1.5379099144e+00	1.5370334410e+00
1.5605262367e+00	1.5604425934e+00
1.5831425590e+00	1.5830242039e+00
1.6057588812e+00	1.6048290547e+00
1.6283752035e+00	1.6259033200e+00
1.6509915258e+00	1.6462891252e+00
1.6736078481e+00	1.6660250211e+00
1.6962241703e+00	1.6851463892e+00
1.7188404926e+00	1.7036857889e+00
1.7414568149e+00	1.7216732575e+00
1.7640731371e+00	1.7391365709e+00
1.7866894594e+00	1.7561014697e+00
1.8093057817e+00	1.7725918577e+00
1.8319221040e+00	1.7886299759e+00
1.8545384262e+00	1.8042365562e+00
1.8771547485e+00	1.8194309568e+00
1.8997710708e+00	1.8342312832e+00
1.9223873930e+00	1.8486544951e+00
1.9450037153e+00	1.8627165028e+00
1.9676200376e+00	1.8764322524e+00
1.9902363598e+00	1.8898158032e+00
2.0128526821e+00	1.9028803973e+00
2.0354690044e+00	1.9156385219e+00
2.0580853267e+00	1.9281019659e+00
2.0807016489e+00	1.9402818717e+00
2.1033179712e+00	1.9521887814e+00
2.1259342935e+00	1.9638326794e+00
2.1485506157e+00	1.9752230312e+00
2.1711669380e+00	1.9863688187e+00
2.1937832603e+00	1.9972785726e+00
2.2163995826e+00	2.0079604020e+00
2.2390159048e+00	2.0184220218e+00
2.2616322272e+00		2.0286707784e+00	2.0286707774e+00
2.2619882921e+00		2.0422698859e+00	2.0152052920e+00
2.2623443570e+00		2.0528928653e+00	2.0044932886e+00
2.2627004219e+00		2.0600812508e+00	1.9972158949e+00
2.2630564868e+00		2.0658904494e+00	1.9913177042e+00
2.2634125517e+00		2.0708964617e+00	1.9862227156e+00
2.2637686166e+00		2.0753597989e+00	1.9816704181e+00
2.2641246815e+00		2.0794246963e+00	1.9775165764e+00
2.2644807464e+00		2.0831809389e+00	1.9736714052e+00
2.2648368113e+00		2.0866889185e+00	1.9700745131e+00
2.2651928762e+00		2.0899915653e+00	1.9666829697e+00
2.2687535253e+00		2.1162659226e+00	1.9395205205e+00
2.2723141743e+00		2.1361053522e+00	1.9187945861e+00
2.2758748234e+00		2.1526660921e+00	1.9013489246e+00
2.2794354724e+00		2.1671433942e+00	1.8859882805e+00
2.2829961214e+00		2.1801442856e+00	1.8721056227e+00
2.2865567705e+00		2.1920274159e+00	1.8593422978e+00
2.2901174195e+00		2.2030256861e+00	1.8474654009e+00
2.2936780686e+00		2.2133005208e+00	1.8363135038e+00
2.2972387176e+00		2.2229692849e+00	1.8257692377e+00
2.3007993666e+00		2.2321204974e+00	1.8157440799e+00
2.3043600157e+00		2.2408228888e+00	1.8061692961e+00
2.3079206647e+00		2.2491310988e+00	1.7969902428e+00
2.3114813137e+00		2.2570894236e+00	1.7881626203e+00
2.3150419628e+00		2.2647343700e+00	1.7796499178e+00
2.3186026118e+00		2.2720964519e+00	1.7714216177e+00
2.3221632609e+00		2.2792014865e+00	1.7634518993e+00
2.3257239099e+00		2.2860715500e+00	1.7557186825e+00
2.3292845589e+00		2.2927256977e+00	1.7482029085e+00
2.3328452080e+00		2.2991805139e+00	1.7408879891e+00
2.3364058570e+00		2.3054505404e+00	1.7337593791e+00
2.3399665061e+00		2.3115486128e+00	1.7268042391e+00
2.3435271551e+00		2.3174861297e+00	1.7200111668e+00
2.3470878041e+00		2.3232732689e+00	1.7133699810e+00
2.3506484532e+00		2.3289191636e+00	1.7068715446e+00
2.3542091022e+00		2.3344320474e+00	1.7005076206e+00
2.3577697513e+00		2.3398193740e+00	1.6942707514e+00
2.3613304003e+00		2.3450879177e+00	1.6881541596e+00
2.3648910493e+00		2.3502438568e+00	1.6821516629e+00
2.3684516984e+00		2.3552928456e+00	1.6762576036e+00
2.3720123474e+00		2.3602400745e+00	1.6704667877e+00
2.3755729964e+00		2.3650903218e+00	1.6647744333e+00
2.3791336455e+00		2.3698479988e+00	1.6591761258e+00
2.3826942945e+00		2.3745171878e+00	1.6536677790e+00
2.3862549436e+00		2.3791016760e+00	1.6482456025e+00
2.3898155926e+00		2.3836049847e+00	1.6429060715e+00
2.3933762416e+00		2.3880303945e+00	1.6376459016e+00
2.3969368907e+00		2.3923809684e+00	1.6324620264e+00
2.4004975397e+00		2.3966595715e+00	1.6273515776e+00
2.4040581888e+00		2.4008688882e+00	1.6223118670e+00
2.4076188378e+00		2.4050114383e+00	1.6173403715e+00
2.4111794868e+00		2.4090895907e+00	1.6124347187e+00
2.4147401359e+00		2.4131055760e+00	1.6075926747e+00
2.4183007849e+00		2.4170614973e+00	1.6028121328e+00
2.4218614340e+00		2.4209593407e+00	1.5980911035e+00
2.4254220830e+00		2.4248009840e+00	1.5934277056e+00
2.4289827320e+00		2.4285882049e+00	1.5888201581e+00
2.4325433811e+00		2.4323226884e+00	1.5842667725e+00
2.4361040301e+00		2.4360060335e+00	1.5797659464e+00
2.4396646791e+00		2.4396397594e+00	1.5753161574e+00
2.4432253282e+00		2.4432253107e+00	1.5709159573e+00
2.4467859772e+00		2.4467640628e+00	1.5665639675e+00
2.4503466263e+00		2.4502573263e+00	1.5622588740e+00
2.4539072753e+00		2.4537063512e+00	1.5579994234e+00
2.4574679243e+00		2.4571123312e+00	1.5537844189e+00
2.4610285734e+00		2.4604764065e+00	1.5496127168e+00
2.4645892224e+00		2.4637996678e+00	1.5454832231e+00
2.4681498715e+00		2.4670831591e+00	1.5413948906e+00
2.4717105205e+00		2.4703278801e+00	1.5373467162e+00
2.4752711695e+00		2.4735347893e+00	1.5333377381e+00
2.4788318186e+00		2.4767048063e+00	1.5293670336e+00
2.4823924676e+00		2.4798388137e+00	1.5254337167e+00
2.4859531167e+00		2.4829376593e+00	1.5215369364e+00
2.4895137657e+00		2.4860021584e+00	1.5176758742e+00
2.4930744147e+00		2.4890330948e+00	1.5138497429e+00
2.4966350638e+00		2.4920312232e+00	1.5100577848e+00
2.5001957128e+00		2.4949972703e+00	1.5062992699e+00
2.5037563619e+00		2.4979319362e+00	1.5025734948e+00
2.5073170109e+00		2.5008358963e+00	1.4988797810e+00
2.5108776599e+00		2.5037098017e+00	1.4952174742e+00
2.5144383090e+00		2.5065542812e+00	1.4915859424e+00
2.5179989580e+00		2.5093699418e+00	1.4879845754e+00
2.5215596070e+00		2.5121573701e+00	1.4844127835e+00
2.5251202561e+00		2.5149171331e+00	1.4808699966e+00
2.5286809051e+00		2.5176497791e+00	1.4773556632e+00
2.5322415542e+00		2.5203558386e+00	1.4738692495e+00
2.5358022032e+00		2.5230358253e+00	1.4704102389e+00
2.5393628522e+00		2.5256902365e+00	1.4669781310e+00
2.5429235013e+00		2.5283195540e+00	1.4635724407e+00
2.5464841503e+00		2.5309242448e+00	1.4601926980e+00
2.5500447994e+00		2.5335047618e+00	1.4568384470e+00
2.5536054484e+00		2.5360615442e+00	1.4535092453e+00
2.5571660974e+00		2.5385950182e+00	1.4502046636e+00
2.5607267465e+00		2.5411055976e+00	1.4469242852e+00
2.5642873955e+00		2.5435936841e+00	1.4436677052e+00
2.5678480446e+00		2.5460596680e+00	1.4404345302e+00
2.5714086936e+00		2.5485039288e+00	1.4372243779e+00
2.5749693426e+00		2.5509268349e+00	1.4340368766e+00
2.5785299917e+00		2.5533287450e+00	1.4308716647e+00
2.5820906407e+00		2.5557100079e+00	1.4277283905e+00
2.5856512897e+00		2.5580709628e+00	1.4246067116e+00
2.5892119388e+00		2.5604119402e+00	1.4215062946e+00
2.5927725878e+00		2.5627332616e+00	1.4184268150e+00
2.5963332369e+00		2.5650352401e+00	1.4153679567e+00
2.5998938859e+00		2.5673181811e+00	1.4123294114e+00
2.6034545349e+00		2.5695823818e+00	1.4093108788e+00
2.6070151840e+00		2.5718281321e+00	1.4063120662e+00
2.6105758330e+00		2.5740557145e+00	1.4033326881e+00
2.6141364821e+00		2.5762654047e+00	1.4003724657e+00
2.6176971312e+00				2.5784574718e+00	1.3974311269e+00	2.5784574714e+00	1.3974311279e+00
2.6177767979e+00				2.5787891321e+00	1.3967394312e+00	2.5782229839e+00	1.3979926695e+00
2.6178564645e+00				2.5817483251e+00	1.3902239269e+00	2.5752928805e+00	1.4045143838e+00
2.6179361312e+00				2.5831990878e+00	1.3870465799e+00	2.5738643861e+00	1.4077116008e+00
2.6180157978e+00				2.5843002846e+00	1.3846428973e+00	2.5727854580e+00	1.4101351519e+00
2.6180954645e+00				2.5852255216e+00	1.3826286076e+00	2.5718824902e+00	1.4121693088e+00
2.6181751311e+00				2.5860396378e+00	1.3808601973e+00	2.5710906436e+00	1.4139575845e+00
2.6182547978e+00				2.5867753466e+00	1.3792652621e+00	2.5703772048e+00	1.4155723838e+00
2.6183344644e+00				2.5874518959e+00	1.3778012024e+00	2.5697229261e+00	1.4170563060e+00
2.6184141311e+00				2.5880817471e+00	1.3764404392e+00	2.5691153458e+00	1.4184369303e+00
2.6184937977e+00				2.5886735169e+00	1.3751639033e+00	2.5685458475e+00	1.4197333258e+00
2.6192904643e+00				2.5933719782e+00	1.3650942610e+00	2.5640701262e+00	1.4300014817e+00
2.6200871308e+00				2.5969373144e+00	1.3575282714e+00	2.5607275756e+00	1.4377658359e+00
2.6208837974e+00				2.5999365072e+00	1.3512117827e+00	2.5579512140e+00	1.4442805400e+00
2.6216804639e+00				2.6025790066e+00	1.3456816789e+00	2.5555315909e+00	1.4500087104e+00
2.6224771305e+00				2.6049700072e+00	1.3407054509e+00	2.5533635115e+00	1.4551828562e+00
2.6232737970e+00				2.6071712517e+00	1.3361466816e+00	2.5513852328e+00	1.4599393945e+00
2.6240704635e+00				2.6092226553e+00	1.3319172123e+00	2.5495568392e+00	1.4643664840e+00
2.6248671301e+00				2.6111517928e+00	1.3279561627e+00	2.5478507556e+00	1.4685250054e+00
2.6256637966e+00				2.6129786618e+00	1.3242193978e+00	2.5462469843e+00	1.4724590934e+00
2.6264604632e+00				2.6147183139e+00	1.3206737108e+00	2.5447304733e+00	1.4762019552e+00
2.6272571297e+00				2.6163824157e+00	1.3172933717e+00	2.5432895555e+00	1.4797793207e+00
2.6280537962e+00				2.6179802289e+00	1.3140579628e+00	2.5419149692e+00	1.4832116077e+00
2.6288504628e+00				2.6195192519e+00	1.3109509591e+00	2.5405992155e+00	1.4865153414e+00
2.6296471293e+00				2.6210056578e+00	1.3079587615e+00	2.5393361210e+00	1.4897041209e+00
2.6304437959e+00				2.6224446010e+00	1.3050700192e+00	2.5381205312e+00	1.4927892971e+00
2.6312404624e+00				2.6238404385e+00	1.3022751410e+00	2.5369480886e+00	1.4957804612e+00
2.6320371290e+00				2.6251968928e+00	1.2995659355e+00	2.5358150706e+00	1.4986858049e+00
2.6328337955e+00				2.6265171744e+00	1.2969353405e+00	2.5347182662e+00	1.5015123902e+00
2.6336304620e+00				2.6278040755e+00	1.2943772163e+00	2.5336548831e+00	1.5042663570e+00
2.6344271286e+00				2.6290600424e+00	1.2918861855e+00	2.5326224744e+00	1.5069530829e+00
2.6352237951e+00				2.6302872334e+00	1.2894575062e+00	2.5316188818e+00	1.5095773099e+00
2.6360204617e+00				2.6314875636e+00	1.2870869717e+00	2.5306421899e+00	1.5121432446e+00
2.6368171282e+00				2.6326627420e+00	1.2847708297e+00	2.5296906893e+00	1.5146546394e+00
2.6376137948e+00				2.6338143014e+00	1.2825057162e+00	2.5287628469e+00	1.5171148586e+00
2.6384104613e+00				2.6349436228e+00	1.2802886013e+00	2.5278572815e+00	1.5195269320e+00
2.6392071278e+00				2.6360519555e+00	1.2781167446e+00	2.5269727433e+00	1.5218936000e+00
2.6400037944e+00				2.6371404347e+00	1.2759876581e+00	2.5261080971e+00	1.5242173510e+00
2.6408004609e+00				2.6382100949e+00	1.2738990744e+00	2.5252623080e+00	1.5265004523e+00
2.6415971275e+00				2.6392618824e+00	1.2718489202e+00	2.5244344294e+00	1.5287449771e+00
2.6423937940e+00				2.6402966655e+00	1.2698352943e+00	2.5236235926e+00	1.5309528271e+00
2.6431904605e+00				2.6413152432e+00	1.2678564476e+00	2.5228289985e+00	1.5331257511e+00
2.6439871271e+00				2.6423183526e+00	1.2659107670e+00	2.5220499095e+00	1.5352653625e+00
2.6447837936e+00				2.6433066759e+00	1.2639967608e+00	2.5212856434e+00	1.5373731531e+00
2.6455804602e+00				2.6442808451e+00	1.2621130464e+00	2.5205355676e+00	1.5394505055e+00
2.6463771267e+00				2.6452414481e+00	1.2602583393e+00	2.5197990942e+00	1.5414987042e+00
2.6471737933e+00				2.6461890321e+00	1.2584314437e+00	2.5190756755e+00	1.5435189453e+00
2.6479704598e+00				2.6471241079e+00	1.2566312442e+00	2.5183648007e+00	1.5455123441e+00
2.6487671263e+00				2.6480471529e+00	1.2548566983e+00	2.5176659918e+00	1.5474799433e+00
2.6495637929e+00				2.6489586143e+00	1.2531068300e+00	2.5169788013e+00	1.5494227190e+00
2.6503604594e+00				2.6498589119e+00	1.2513807237e+00	2.5163028095e+00	1.5513415868e+00
2.6511571260e+00				2.6507484398e+00	1.2496775197e+00	2.5156376216e+00	1.5532374066e+00
2.6519537925e+00				2.6516275693e+00	1.2479964088e+00	2.5149828663e+00	1.5551109876e+00
2.6527504590e+00				2.6524966501e+00	1.2463366288e+00	2.5143381935e+00	1.5569630920e+00
2.6535471256e+00				2.6533560124e+00	1.2446974606e+00	2.5137032728e+00	1.5587944393e+00
2.6543437921e+00				2.6542059683e+00	1.2430782245e+00	2.5130777917e+00	1.5606057089e+00
2.6551404587e+00				2.6550468130e+00	1.2414782779e+00	2.5124614547e+00	1.5623975437e+00
2.6559371252e+00				2.6558788264e+00	1.2398970119e+00	2.5118539818e+00	1.5641705527e+00
2.6567337918e+00				2.6567022740e+00	1.2383338493e+00	2.5112551072e+00	1.5659253131e+00
2.6575304583e+00				2.6575174076e+00	1.2367882422e+00	2.5106645786e+00	1.5676623731e+00
2.6583271248e+00				2.6583244670e+00	1.2352596696e+00	2.5100821561e+00	1.5693822534e+00
2.6591237914e+00				2.6591236802e+00	1.2337476364e+00	2.5095076115e+00	1.5710854496e+00
2.6599204579e+00				2.6599152644e+00	1.2322516707e+00	2.5089407271e+00	1.5727724333e+00
2.6607171245e+00				2.6606994267e+00	1.2307713231e+00	2.5083812958e+00	1.5744436544e+00
2.6615137910e+00				2.6614763648e+00	1.2293061645e+00	2.5078291195e+00	1.5760995417e+00
2.6623104576e+00				2.6622462674e+00	1.2278557856e+00	2.5072840091e+00	1.5777405049e+00
2.6631071241e+00				2.6630093150e+00	1.2264197948e+00	2.5067457840e+00	1.5793669355e+00
2.6639037906e+00				2.6637656803e+00	1.2249978180e+00	2.5062142711e+00	1.5809792077e+00
2.6647004572e+00				2.6645155287e+00	1.2235894969e+00	2.5056893048e+00	1.5825776800e+00
2.6654971237e+00				2.6652590187e+00	1.2221944883e+00	2.5051707264e+00	1.5841626956e+00
2.6662937903e+00				2.6659963020e+00	1.2208124633e+00	2.5046583838e+00	1.5857345835e+00
2.6670904568e+00				2.6667275247e+00	1.2194431063e+00	2.5041521307e+00	1.5872936594e+00
2.6678871233e+00				2.6674528267e+00	1.2180861144e+00	2.5036518269e+00	1.5888402264e+00
2.6686837899e+00				2.6681723425e+00	1.2167411965e+00	2.5031573377e+00	1.5903745754e+00
2.6694804564e+00				2.6688862016e+00	1.2154080731e+00	2.5026685332e+00	1.5918969863e+00
2.6702771230e+00				2.6695945285e+00	1.2140864751e+00	2.5021852889e+00	1.5934077281e+00
2.6710737895e+00				2.6702974429e+00	1.2127761437e+00	2.5017074845e+00	1.5949070598e+00
2.6718704561e+00				2.6709950603e+00	1.2114768295e+00	2.5012350044e+00	1.5963952308e+00
2.6726671226e+00				2.6716874921e+00	1.2101882924e+00	2.5007677369e+00	1.5978724813e+00
2.6734637891e+00				2.6723748455e+00	1.2089103010e+00	2.5003055747e+00	1.5993390429e+00
2.6742604557e+00				2.6730572240e+00	1.2076426318e+00	2.4998484137e+00	1.6007951391e+00
2.6750571222e+00				2.6737347277e+00	1.2063850693e+00	2.4993961538e+00	1.6022409854e+00
2.6758537888e+00				2.6744074531e+00	1.2051374056e+00	2.4989486982e+00	1.6036767899e+00
2.6766504553e+00				2.6750754934e+00	1.2038994396e+00	2.4985059533e+00	1.6051027539e+00
2.6774471218e+00				2.6757389390e+00	1.2026709770e+00	2.4980678287e+00	1.6065190716e+00
2.6782437884e+00				2.6763978770e+00	1.2014518300e+00	2.4976342368e+00	1.6079259309e+00
2.6790404549e+00				2.6770523919e+00	1.2002418170e+00	2.4972050929e+00	1.6093235136e+00
2.6798371215e+00				2.6777025654e+00	1.1990407622e+00	2.4967803150e+00	1.6107119957e+00
2.6806337880e+00				2.6783484768e+00	1.1978484952e+00	2.4963598237e+00	1.6120915473e+00
2.6814304546e+00				2.6789902027e+00	1.1966648512e+00	2.4959435420e+00	1.6134623336e+00
2.6822271211e+00				2.6796278175e+00	1.1954896705e+00	2.4955313954e+00	1.6148245144e+00
2.6830237876e+00				2.6802613933e+00	1.1943227981e+00	2.4951233113e+00	1.6161782446e+00
2.6838204542e+00				2.6808910001e+00	1.1931640839e+00	2.4947192196e+00	1.6175236745e+00
2.6846171207e+00				2.6815167057e+00	1.1920133822e+00	2.4943190522e+00	1.6188609499e+00
2.6854137873e+00				2.6821385761e+00	1.1908705517e+00	2.4939227428e+00	1.6201902123e+00
2.6862104538e+00				2.6827566754e+00	1.1897354549e+00	2.4935302272e+00	1.6215115990e+00
2.6870071204e+00				2.6833710656e+00	1.1886079587e+00	2.4931414430e+00	1.6228252434e+00
2.6878037869e+00				2.6839818072e+00	1.1874879336e+00	2.4927563295e+00	1.6241312751e+00
2.6886004534e+00				2.6845889591e+00	1.1863752536e+00	2.4923748276e+00	1.6254298201e+00
2.6893971200e+00				2.6851925782e+00	1.1852697965e+00	2.4919968800e+00	1.6267210008e+00
2.6901937865e+00				2.6857927203e+00	1.1841714433e+00	2.4916224308e+00	1.6280049362e+00
2.6909904531e+00				2.6863894394e+00	1.1830800782e+00	2.4912514257e+00	1.6292817422e+00
2.6917871196e+00				2.6869827882e+00	1.1819955887e+00	2.4908838117e+00	1.6305515314e+00
2.6925837861e+00				2.6875728179e+00	1.1809178652e+00	2.4905195373e+00	1.6318144136e+00
2.6933804527e+00				2.6881595785e+00	1.1798468008e+00	2.4901585525e+00	1.6330704956e+00
2.6941771192e+00				2.6887431186e+00	1.1787822918e+00	2.4898008081e+00	1.6343198813e+00
2.6949737858e+00				2.6893234857e+00	1.1777242369e+00	2.4894462567e+00	1.6355626721e+00
2.6957704523e+00				2.6899007259e+00	1.1766725374e+00	2.4890948516e+00	1.6367989667e+00
2.6965671189e+00				2.6904748844e+00	1.1756270972e+00	2.4887465477e+00	1.6380288615e+00
2.6973637855e+00								2.6910460052e+00	1.1745878221e+00	2.4884013003e+00	1.6392524508e+00	2.6910460050e+00	1.1745878226e+00	2.4884013008e+00	1.6392524498e+00
2.6973810073e+00								2.6910584525e+00	1.1745650969e+00	2.4883935307e+00	1.6392795603e+00	2.6910581836e+00	1.1745657498e+00	2.4883942105e+00	1.6392781042e+00
2.6973982290e+00								2.6911621322e+00	1.1743208308e+00	2.4881550518e+00	1.6398008307e+00	2.6909787821e+00	1.1747660508e+00	2.4886185701e+00	1.6388079231e+00
2.6974154508e+00								2.6915929861e+00	1.1732819446e+00	2.4870874290e+00	1.6420969404e+00	2.6905618251e+00	1.1757858871e+00	2.4896943574e+00	1.6365125597e+00
2.6974326726e+00								2.6918322045e+00	1.1727083653e+00	2.4865039381e+00	1.6433558190e+00	2.6903349579e+00	1.1763441257e+00	2.4902893278e+00	1.6352469354e+00
2.6974498944e+00								2.6920144155e+00	1.1722732075e+00	2.4860645402e+00	1.6443060513e+00	2.6901650982e+00	1.1767639423e+00	2.4907402050e+00	1.6342899576e+00
2.6974671161e+00								2.6921680768e+00	1.1719073700e+00	2.4856972974e+00	1.6451017331e+00	2.6900237881e+00	1.1771144382e+00	2.4911189269e+00	1.6334875308e+00
2.6974843379e+00								2.6923037471e+00	1.1715852144e+00	2.4853755193e+00	1.6458000359e+00	2.6899004691e+00	1.1774212518e+00	2.4914521837e+00	1.6327824833e+00
2.6975015597e+00								2.6924267381e+00	1.1712938429e+00	2.4850857794e+00	1.6464297198e+00	2.6897898293e+00	1.1776972811e+00	2.4917534020e+00	1.6321460551e+00
2.6975187815e+00								2.6925401700e+00	1.1710256795e+00	2.4848201914e+00	1.6470076770e+00	2.6896887487e+00	1.1779501017e+00	2.4920304683e+00	1.6315613538e+00
2.6975360032e+00								2.6926460604e+00	1.1707758250e+00	2.4845736554e+00	1.6475448314e+00	2.6895952096e+00	1.1781846130e+00	2.4922884822e+00	1.6310174558e+00
2.6977082210e+00								2.6934772787e+00	1.1688299911e+00	2.4826833047e+00	1.6516850273e+00	2.6888875041e+00	1.1799769923e+00	2.4942935970e+00	1.6268098431e+00
2.6978804387e+00								2.6941077827e+00	1.1673713010e+00	2.4812995244e+00	1.6547406380e+00	2.6883805132e+00	1.1812821869e+00	2.4957921138e+00	1.6236868514e+00
2.6980526565e+00								2.6946418634e+00	1.1661465565e+00	2.4801588356e+00	1.6572759478e+00	2.6879699459e+00	1.1823533951e+00	2.4970475117e+00	1.6210841962e+00
2.6982248742e+00								2.6951161501e+00	1.1650668379e+00	2.4791687332e+00	1.6594890481e+00	2.6876191729e+00	1.1832795367e+00	2.4981522955e+00	1.6188037863e+00
2.6983970920e+00								2.6955486480e+00	1.1640884411e+00	2.4782837629e+00	1.6614772649e+00	2.6873101889e+00	1.1841043158e+00	2.4991519196e+00	1.6167482956e+00
2.6985693097e+00								2.6959497946e+00	1.1631860333e+00	2.4774775838e+00	1.6632969929e+00	2.6870325562e+00	1.1848530655e+00	2.5000727250e+00	1.6148613293e+00
2.6987415275e+00								2.6963262831e+00	1.1623433716e+00	2.4767333112e+00	1.6649843775e+00	2.6867795818e+00	1.1855420286e+00	2.5009315964e+00	1.6131067423e+00
2.6989137452e+00								2.6966827102e+00	1.1615493012e+00	2.4760393520e+00	1.6665642333e+00	2.6865466688e+00	1.1861823602e+00	2.5017401267e+00	1.6114597198e+00
2.6990859630e+00								2.6970223952e+00	1.1607957684e+00	2.4753873385e+00	1.6680544694e+00	2.6863304979e+00	1.1867821139e+00	2.5025066838e+00	1.6099023526e+00
2.6992581807e+00								2.6973478279e+00	1.1600767327e+00	2.4747709959e+00	1.6694685140e+00	2.6861285791e+00	1.1873473306e+00	2.5032375424e+00	1.6084212127e+00
2.6994303985e+00								2.6976609330e+00	1.1593875250e+00	2.4741854756e+00	1.6708167423e+00	2.6859389879e+00	1.1878826793e+00	2.5039375511e+00	1.6070059248e+00
2.6996026162e+00								2.6979632348e+00	1.1587244477e+00	2.4736269385e+00	1.6721073683e+00	2.6857601998e+00	1.1883918577e+00	2.5046105490e+00	1.6056482750e+00
2.6997748340e+00								2.6982559653e+00	1.1580845128e+00	2.4730922832e+00	1.6733470270e+00	2.6855909828e+00	1.1888778540e+00	2.5052596376e+00	1.6043416283e+00
2.6999470517e+00								2.6985401370e+00	1.1574652648e+00	2.4725789614e+00	1.6745411692e+00	2.6854303243e+00	1.1893431238e+00	2.5058873650e+00	1.6030805337e+00
2.7001192695e+00								2.6988165942e+00	1.1568646563e+00	2.4720848491e+00	1.6756943382e+00	2.6852773800e+00	1.1897897146e+00	2.5064958554e+00	1.6018604481e+00
2.7002914872e+00								2.6990860496e+00	1.1562809590e+00	2.4716081536e+00	1.6768103678e+00	2.6851314370e+00	1.1902193549e+00	2.5070869013e+00	1.6006775377e+00
2.7004637050e+00								2.6993491118e+00	1.1557126978e+00	2.4711473455e+00	1.6778925287e+00	2.6849918869e+00	1.1906335197e+00	2.5076620324e+00	1.5995285317e+00
2.7006359227e+00								2.6996063048e+00	1.1551586021e+00	2.4707011073e+00	1.6789436377e+00	2.6848582055e+00	1.1910334800e+00	2.5082225658e+00	1.5984106132e+00
2.7008081405e+00								2.6998580841e+00	1.1546175675e+00	2.4702682946e+00	1.6799661416e+00	2.6847299372e+00	1.1914203399e+00	2.5087696462e+00	1.5973213357e+00
2.7009803582e+00								2.7001048487e+00	1.1540886277e+00	2.4698479058e+00	1.6809621816e+00	2.6846066831e+00	1.1917950663e+00	2.5093042750e+00	1.5962585580e+00
2.7011525760e+00								2.7003469499e+00	1.1535709304e+00	2.4694390584e+00	1.6819336441e+00	2.6844880917e+00	1.1921585112e+00	2.5098273349e+00	1.5952203934e+00
2.7013247937e+00								2.7005846997e+00	1.1530637202e+00	2.4690409698e+00	1.6828822017e+00	2.6843738511e+00	1.1925114304e+00	2.5103396084e+00	1.5942051695e+00
2.7014970115e+00								2.7008183761e+00	1.1525663233e+00	2.4686529423e+00	1.6838093452e+00	2.6842636831e+00	1.1928544976e+00	2.5108417931e+00	1.5932113953e+00
2.7016692292e+00								2.7010482284e+00	1.1520781358e+00	2.4682743508e+00	1.6847164105e+00	2.6841573385e+00	1.1931883170e+00	2.5113345142e+00	1.5922377352e+00
2.7018414469e+00								2.7012744810e+00	1.1515986139e+00	2.4679046326e+00	1.6856046000e+00	2.6840545927e+00	1.1935134323e+00	2.5118183345e+00	1.5912829867e+00
2.7020136647e+00								2.7014973369e+00	1.1511272658e+00	2.4675432788e+00	1.6864750005e+00	2.6839552427e+00	1.1938303356e+00	2.5122937627e+00	1.5903460629e+00
2.7021858824e+00								2.7017169804e+00	1.1506636452e+00	2.4671898277e+00	1.6873285986e+00	2.6838591041e+00	1.1941394732e+00	2.5127612605e+00	1.5894259774e+00
2.7023581002e+00								2.7019335796e+00	1.1502073453e+00	2.4668438586e+00	1.6881662926e+00	2.6837660090e+00	1.1944412521e+00	2.5132212488e+00	1.5885218317e+00
2.7025303179e+00								2.7021472879e+00	1.1497579941e+00	2.4665049871e+00	1.6889889037e+00	2.6836758036e+00	1.1947360442e+00	2.5136741119e+00	1.5876328046e+00
2.7027025357e+00								2.7023582463e+00	1.1493152507e+00	2.4661728606e+00	1.6897971846e+00	2.6835883471e+00	1.1950241907e+00	2.5141202023e+00	1.5867581435e+00
2.7028747534e+00								2.7025665842e+00	1.1488788014e+00	2.4658471550e+00	1.6905918276e+00	2.6835035100e+00	1.1953060055e+00	2.5145598442e+00	1.5858971561e+00
2.7030469712e+00								2.7027724212e+00	1.1484483568e+00	2.4655275713e+00	1.6913734707e+00	2.6834211725e+00	1.1955817779e+00	2.5149933366e+00	1.5850492043e+00
2.7032191889e+00								2.7029758679e+00	1.1480236495e+00	2.4652138332e+00	1.6921427039e+00	2.6833412242e+00	1.1958517755e+00	2.5154209557e+00	1.5842136983e+00
2.7033914067e+00								2.7031770266e+00	1.1476044313e+00	2.4649056847e+00	1.6929000737e+00	2.6832635625e+00	1.1961162466e+00	2.5158429577e+00	1.5833900914e+00
2.7035636244e+00								2.7033759927e+00	1.1471904720e+00	2.4646028879e+00	1.6936460878e+00	2.6831880922e+00	1.1963754214e+00	2.5162595803e+00	1.5825778761e+00
2.7037358422e+00								2.7035728546e+00	1.1467815572e+00	2.4643052214e+00	1.6943812184e+00	2.6831147246e+00	1.1966295147e+00	2.5166710449e+00	1.5817765800e+00
2.7039080599e+00								2.7037676951e+00	1.1463774866e+00	2.4640124789e+00	1.6951059061e+00	2.6830433771e+00	1.1968787266e+00	2.5170775580e+00	1.5809857625e+00
2.7040802777e+00								2.7039605914e+00	1.1459780734e+00	2.4637244674e+00	1.6958205625e+00	2.6829739721e+00	1.1971232442e+00	2.5174793124e+00	1.5802050122e+00
2.7042524954e+00								2.7041516160e+00	1.1455831424e+00	2.4634410063e+00	1.6965255728e+00	2.6829064374e+00	1.1973632427e+00	2.5178764888e+00	1.5794339438e+00
2.7044247132e+00								2.7043408368e+00	1.1451925295e+00	2.4631619263e+00	1.6972212981e+00	2.6828407050e+00	1.1975988865e+00	2.5182692564e+00	1.5786721960e+00
2.7045969309e+00								2.7045283175e+00	1.1448060803e+00	2.4628870684e+00	1.6979080777e+00	2.6827767110e+00	1.1978303298e+00	2.5186577743e+00	1.5779194298e+00
2.7047691487e+00								2.7047141181e+00	1.1444236497e+00	2.4626162830e+00	1.6985862307e+00	2.6827143954e+00	1.1980577179e+00	2.5190421920e+00	1.5771753261e+00
2.7049413664e+00								2.7048982953e+00	1.1440451010e+00	2.4623494291e+00	1.6992560575e+00	2.6826537016e+00	1.1982811879e+00	2.5194226507e+00	1.5764395843e+00
2.7051135842e+00								2.7050809023e+00	1.1436703050e+00	2.4620863737e+00	1.6999178415e+00	2.6825945761e+00	1.1985008687e+00	2.5197992830e+00	1.5757119210e+00
2.7052858019e+00								2.7052619897e+00	1.1432991398e+00	2.4618269914e+00	1.7005718506e+00	2.6825369684e+00	1.1987168826e+00	2.5201722148e+00	1.5749920684e+00
2.7054580197e+00								2.7054416051e+00	1.1429314901e+00	2.4615711633e+00	1.7012183380e+00	2.6824808308e+00	1.1989293448e+00	2.5205415647e+00	1.5742797734e+00
2.7056302374e+00								2.7056197938e+00	1.1425672466e+00	2.4613187770e+00	1.7018575433e+00	2.6824261180e+00	1.1991383649e+00	2.5209074452e+00	1.5735747962e+00
2.7058024552e+00								2.7057965987e+00	1.1422063056e+00	2.4610697257e+00	1.7024896940e+00	2.6823727871e+00	1.1993440466e+00	2.5212699630e+00	1.5728769095e+00
2.7059746729e+00								2.7059720604e+00	1.1418485687e+00	2.4608239082e+00	1.7031150057e+00	2.6823207973e+00	1.1995464884e+00	2.5216292193e+00	1.5721858975e+00
2.7061468906e+00								2.7061462177e+00	1.1414939425e+00	2.4605812283e+00	1.7037336834e+00	2.6822701099e+00	1.1997457839e+00	2.5219853104e+00	1.5715015553e+00
2.7063191084e+00								2.7063191074e+00	1.1411423379e+00	2.4603415947e+00	1.7043459220e+00	2.6822206880e+00	1.1999420222e+00	2.5223383276e+00	1.5708236880e+00
2.7064913261e+00								2.7064907645e+00	1.1407936703e+00	2.4601049200e+00	1.7049519070e+00	2.6821724965e+00	1.2001352880e+00	2.5226883581e+00	1.5701521100e+00
2.7066635439e+00								2.7066612226e+00	1.1404478588e+00	2.4598711214e+00	1.7055518153e+00	2.6821255018e+00	1.2003256624e+00	2.5230354850e+00	1.5694866446e+00
2.7068357616e+00								2.7068305134e+00	1.1401048265e+00	2.4596401197e+00	1.7061458156e+00	2.6820796722e+00	1.2005132224e+00	2.5233797874e+00	1.5688271230e+00
2.7070079794e+00								2.7069986675e+00	1.1397644997e+00	2.4594118391e+00	1.7067340688e+00	2.6820349769e+00	1.2006980417e+00	2.5237213409e+00	1.5681733842e+00
2.7071801971e+00								2.7071657140e+00	1.1394268081e+00	2.4591862076e+00	1.7073167287e+00	2.6819913869e+00	1.2008801908e+00	2.5240602177e+00	1.5675252745e+00
2.7073524149e+00								2.7073316808e+00	1.1390916844e+00	2.4589631559e+00	1.7078939425e+00	2.6819488742e+00	1.2010597371e+00	2.5243964871e+00	1.5668826467e+00
2.7075246326e+00								2.7074965945e+00	1.1387590642e+00	2.4587426181e+00	1.7084658510e+00	2.6819074121e+00	1.2012367450e+00	2.5247302149e+00	1.5662453601e+00
2.7076968504e+00								2.7076604807e+00	1.1384288858e+00	2.4585245306e+00	1.7090325888e+00	2.6818669751e+00	1.2014112764e+00	2.5250614647e+00	1.5656132798e+00
2.7078690681e+00								2.7078233639e+00	1.1381010901e+00	2.4583088330e+00	1.7095942852e+00	2.6818275384e+00	1.2015833906e+00	2.5253902971e+00	1.5649862767e+00
2.7080412859e+00								2.7079852676e+00	1.1377756203e+00	2.4580954668e+00	1.7101510642e+00	2.6817890787e+00	1.2017531444e+00	2.5257167703e+00	1.5643642269e+00
2.7082135036e+00								2.7081462145e+00	1.1374524219e+00	2.4578843763e+00	1.7107030447e+00	2.6817515733e+00	1.2019205924e+00	2.5260409403e+00	1.5637470114e+00
2.7083857214e+00								2.7083062261e+00	1.1371314425e+00	2.4576755077e+00	1.7112503408e+00	2.6817150003e+00	1.2020857870e+00	2.5263628606e+00	1.5631345160e+00
2.7085579391e+00								2.7084653234e+00	1.1368126319e+00	2.4574688094e+00	1.7117930623e+00	2.6816793390e+00	1.2022487788e+00	2.5266825830e+00	1.5625266310e+00
2.7087301569e+00								2.7086235264e+00	1.1364959415e+00	2.4572642319e+00	1.7123313148e+00	2.6816445692e+00	1.2024096161e+00	2.5270001569e+00	1.5619232507e+00
2.7089023746e+00								2.7087808545e+00	1.1361813249e+00	2.4570617273e+00	1.7128651998e+00	2.6816106715e+00	1.2025683458e+00	2.5273156303e+00	1.5613242738e+00
2.7090745924e+00								2.7089373261e+00	1.1358687372e+00	2.4568612498e+00	1.7133948152e+00	2.6815776273e+00	1.2027250128e+00	2.5276290490e+00	1.5607296022e+00
2.7092468101e+00								2.7090929594e+00	1.1355581350e+00	2.4566627549e+00	1.7139202550e+00	2.6815454185e+00	1.2028796604e+00	2.5279404573e+00	1.5601391420e+00
2.7094190279e+00								2.7092477716e+00	1.1352494768e+00	2.4564662001e+00	1.7144416102e+00	2.6815140280e+00	1.2030323305e+00	2.5282498980e+00	1.5595528023e+00
2.7095912456e+00								2.7094017793e+00	1.1349427222e+00	2.4562715440e+00	1.7149589681e+00	2.6814834389e+00	1.2031830633e+00	2.5285574122e+00	1.5589704955e+00
2.7097634634e+00								2.7095549986e+00	1.1346378324e+00	2.4560787471e+00	1.7154724133e+00	2.6814536350e+00	1.2033318979e+00	2.5288630397e+00	1.5583921372e+00
2.7099356811e+00								2.7097074452e+00	1.1343347700e+00	2.4558877709e+00	1.7159820274e+00	2.6814246009e+00	1.2034788718e+00	2.5291668188e+00	1.5578176459e+00
2.7101078989e+00								2.7098591340e+00	1.1340334988e+00	2.4556985783e+00	1.7164878891e+00	2.6813963213e+00	1.2036240213e+00	2.5294687866e+00	1.5572469427e+00
2.7102801166e+00								2.7100100795e+00	1.1337339837e+00	2.4555111336e+00	1.7169900744e+00	2.6813687818e+00	1.2037673816e+00	2.5297689789e+00	1.5566799516e+00
2.7104523343e+00								2.7101602959e+00	1.1334361908e+00	2.4553254021e+00	1.7174886570e+00	2.6813419682e+00	1.2039089865e+00	2.5300674303e+00	1.5561165990e+00
2.7106245521e+00								2.7103097967e+00	1.1331400874e+00	2.4551413504e+00	1.7179837080e+00	2.6813158669e+00	1.2040488691e+00	2.5303641743e+00	1.5555568138e+00
2.7107967698e+00								2.7104585951e+00	1.1328456418e+00	2.4549589459e+00	1.7184752962e+00	2.6812904647e+00	1.2041870611e+00	2.5306592433e+00	1.5550005271e+00
2.7109689876e+00								2.7106067038e+00	1.1325528233e+00	2.4547781574e+00	1.7189634883e+00	2.6812657488e+00	1.2043235933e+00	2.5309526688e+00	1.5544476723e+00
2.7111412053e+00								2.7107541352e+00	1.1322616021e+00	2.4545989545e+00	1.7194483489e+00	2.6812417068e+00	1.2044584955e+00	2.5312444810e+00	1.5538981848e+00
2.7113134231e+00								2.7109009012e+00	1.1319719494e+00	2.4544213077e+00	1.7199299405e+00	2.6812183266e+00	1.2045917967e+00	2.5315347095e+00	1.5533520021e+00
2.7114856408e+00								2.7110470134e+00	1.1316838373e+00	2.4542451884e+00	1.7204083236e+00	2.6811955967e+00	1.2047235250e+00	2.5318233828e+00	1.5528090635e+00
2.7116578586e+00								2.7111924832e+00	1.1313972386e+00	2.4540705690e+00	1.7208835570e+00	2.6811735058e+00	1.2048537076e+00	2.5321105285e+00	1.5522693104e+00
2.7118300763e+00								2.7113373213e+00	1.1311121271e+00	2.4538974227e+00	1.7213556977e+00	2.6811520427e+00	1.2049823708e+00	2.5323961736e+00	1.5517326857e+00
2.7120022941e+00								2.7114815386e+00	1.1308284771e+00	2.4537257233e+00	1.7218248011e+00	2.6811311970e+00	1.2051095403e+00	2.5326803440e+00	1.5511991342e+00
2.7121745118e+00								2.7116251451e+00	1.1305462640e+00	2.4535554457e+00	1.7222909208e+00	2.6811109582e+00	1.2052352410e+00	2.5329630651e+00	1.5506686021e+00
2.7123467296e+00								2.7117681510e+00	1.1302654636e+00	2.4533865651e+00	1.7227541089e+00	2.6810913164e+00	1.2053594972e+00	2.5332443614e+00	1.5501410373e+00
2.7125189473e+00								2.7119105660e+00	1.1299860525e+00	2.4532190579e+00	1.7232144160e+00	2.6810722617e+00	1.2054823322e+00	2.5335242568e+00	1.5496163893e+00
2.7126911651e+00								2.7120523994e+00	1.1297080080e+00	2.4530529007e+00	1.7236718914e+00	2.6810537846e+00	1.2056037689e+00	2.5338027745e+00	1.5490946087e+00
2.7128633828e+00								2.7121936606e+00	1.1294313080e+00	2.4528880710e+00	1.7241265828e+00	2.6810358759e+00	1.2057238296e+00	2.5340799370e+00	1.5485756478e+00
2.7130356006e+00								2.7123343584e+00	1.1291559309e+00	2.4527245470e+00	1.7245785367e+00	2.6810185266e+00	1.2058425358e+00	2.5343557663e+00	1.5480594602e+00
2.7132078183e+00								2.7124745016e+00	1.1288818559e+00	2.4525623073e+00	1.7250277984e+00	2.6810017281e+00	1.2059599087e+00	2.5346302835e+00	1.5475460005e+00
2.7133800361e+00								2.7126140985e+00	1.1286090626e+00	2.4524013311e+00	1.7254744118e+00	2.6809854717e+00	1.2060759686e+00	2.5349035096e+00	1.5470352248e+00
2.7135522538e+00								2.7127531575e+00	1.1283375312e+00	2.4522415983e+00	1.7259184198e+00	2.6809697491e+00	1.2061907354e+00	2.5351754647e+00	1.5465270903e+00
2.7137244716e+00								2.7128916866e+00	1.1280672422e+00	2.4520830892e+00	1.7263598640e+00	2.6809545524e+00	1.2063042287e+00	2.5354461684e+00	1.5460215553e+00
2.7138966893e+00								2.7130296936e+00	1.1277981770e+00	2.4519257847e+00	1.7267987849e+00	2.6809398736e+00	1.2064164673e+00	2.5357156400e+00	1.5455185792e+00
2.7140689071e+00								2.7131671861e+00	1.1275303173e+00	2.4517696661e+00	1.7272352222e+00	2.6809257051e+00	1.2065274695e+00	2.5359838979e+00	1.5450181225e+00
2.7142411248e+00								2.7133041716e+00	1.1272636451e+00	2.4516147152e+00	1.7276692144e+00	2.6809120394e+00	1.2066372535e+00	2.5362509605e+00	1.5445201467e+00
2.7144133426e+00								2.7134406573e+00	1.1269981430e+00	2.4514609144e+00	1.7281007988e+00	2.6808988692e+00	1.2067458367e+00	2.5365168454e+00	1.5440246143e+00
2.7145855604e+00																2.7135766503e+00	1.1267337939e+00	2.4513082462e+00	1.7285300127e+00	2.6808861873e+00	1.2068532364e+00	2.5367815703e+00	1.5435314878e+00	2.7135766502e+00	1.1267337940e+00	2.4513082464e+00	1.7285300123e+00	2.6808861875e+00	1.2068532359e+00	2.5367815698e+00	1.5435314888e+00
2.7145892599e+00																2.7135795677e+00	1.1267281243e+00	2.4513049749e+00	1.7285392156e+00	2.6808859165e+00	1.2068555395e+00	2.5367872529e+00	1.5435209019e+00	2.7135795648e+00	1.1267281314e+00	2.4513049832e+00	1.7285391982e+00	2.6808859240e+00	1.2068555214e+00	2.5367872354e+00	1.5435209409e+00
2.7145929594e+00																2.7135825354e+00	1.1267223304e+00	2.4513015585e+00	1.7285487223e+00	2.6808855160e+00	1.2068581581e+00	2.5367932404e+00	1.5435096348e+00	2.7135824286e+00	1.1267225942e+00	2.4513018661e+00	1.7285480784e+00	2.6808857906e+00	1.2068574904e+00	2.5367925952e+00	1.5435110757e+00
2.7145966589e+00																2.7135871116e+00	1.1267125638e+00	2.4512935088e+00	1.7285679269e+00	2.6808809791e+00	1.2068708347e+00	2.5368089465e+00	1.5434766653e+00	2.7135836834e+00	1.1267210306e+00	2.4513033833e+00	1.7285472584e+00	2.6808897939e+00	1.2068494009e+00	2.5367882356e+00	1.5435229144e+00
2.7146003584e+00																2.7136175377e+00	1.1266389547e+00	2.4512109942e+00	1.7287429886e+00	2.6808099256e+00	1.2070452476e+00	2.5369808915e+00	1.5430947758e+00	2.7135588655e+00	1.1267838593e+00	2.4513799934e+00	1.7283892546e+00	2.6809607957e+00	1.2066783961e+00	2.5366264130e+00	1.5438863582e+00
2.7146040579e+00																2.7136755596e+00	1.1264971874e+00	2.4510489446e+00	1.7290844865e+00	2.6806676092e+00	1.2073929203e+00	2.5373199808e+00	1.5423394794e+00	2.7135049995e+00	1.1269184262e+00	2.4515402308e+00	1.7280561693e+00	2.6811062063e+00	1.2063264380e+00	2.5362894613e+00	1.5446407272e+00
2.7146077574e+00																2.7137138974e+00	1.1264040338e+00	2.4509435821e+00	1.7293073245e+00	2.6805758439e+00	1.2076176711e+00	2.5375402427e+00	1.5418495023e+00	2.7134705265e+00	1.1270050973e+00	2.4516446015e+00	1.7278400107e+00	2.6812016954e+00	1.2060958617e+00	2.5360697371e+00	1.5451332856e+00
2.7146114568e+00																2.7137436270e+00	1.1263321397e+00	2.4508630128e+00	1.7294782677e+00	2.6805062094e+00	1.2077886099e+00	2.5377085102e+00	1.5414756325e+00	2.7134446605e+00	1.1270705119e+00	2.4517241822e+00	1.7276757400e+00	2.6812750564e+00	1.2059190910e+00	2.5359020010e+00	1.5455097510e+00
2.7146151563e+00																2.7137689388e+00	1.1262711562e+00	2.4507951675e+00	1.7296225784e+00	2.6804479317e+00	1.2079319343e+00	2.5378500966e+00	1.5411613432e+00	2.7134232123e+00	1.1271250157e+00	2.4517910388e+00	1.7275381021e+00	2.6813370604e+00	1.2057699349e+00	2.5357609459e+00	1.5458266359e+00
2.7146188558e+00																2.7137914413e+00	1.1262171107e+00	2.4507354130e+00	1.7297499545e+00	2.6803968749e+00	1.2080577010e+00	2.5379747193e+00	1.5408849348e+00	2.7134045733e+00	1.1271725816e+00	2.4518498046e+00	1.7274173989e+00	2.6813918435e+00	1.2056383366e+00	2.5356368546e+00	1.5461056397e+00
2.7146225553e+00																2.7138119538e+00	1.1261679796e+00	2.4506813894e+00	1.7298653352e+00	2.6803509326e+00	1.2081710318e+00	2.5380873272e+00	1.5406353559e+00	2.7133879243e+00	1.1272152330e+00	2.4519028393e+00	1.7273086912e+00	2.6814415120e+00	1.2055191742e+00	2.5355247781e+00	1.5463578139e+00
2.7146595502e+00																2.7139659643e+00	1.1258029021e+00	2.4502883464e+00	1.7307110594e+00	2.6800228410e+00	1.2089850156e+00	2.5389049184e+00	1.5388284239e+00	2.7132725495e+00	1.1275155123e+00	2.4522859893e+00	1.7265297092e+00	2.6818068637e+00	1.2046468794e+00	2.5347125047e+00	1.5481906919e+00
2.7146965452e+00																2.7140805213e+00	1.1255352530e+00	2.4500088904e+00	1.7313190441e+00	2.6797960538e+00	1.2095526929e+00	2.5394846004e+00	1.5375527309e+00	2.7131966280e+00	1.1277183602e+00	2.4525555438e+00	1.7259884865e+00	2.6820709064e+00	1.2040208993e+00	2.5341381461e+00	1.5494923181e+00
2.7147335401e+00																2.7141777798e+00	1.1253103178e+00	2.4497792180e+00	1.7318228345e+00	2.6796136347e+00	1.2100125029e+00	2.5399601220e+00	1.5365096115e+00	2.7131380047e+00	1.1278784913e+00	2.4527753061e+00	1.7255514782e+00	2.6822905764e+00	1.2035027948e+00	2.5336679537e+00	1.5505613581e+00
2.7147705350e+00																2.7142646661e+00	1.1251109917e+00	2.4495793849e+00	1.7322641751e+00	2.6794577907e+00	1.2104077077e+00	2.5403732754e+00	1.5356057441e+00	2.7130897536e+00	1.1280130104e+00	2.4529652206e+00	1.7251769394e+00	2.6824836668e+00	1.2030493037e+00	2.5332601352e+00	1.5514911335e+00
2.7148075299e+00																2.7143444336e+00	1.1249292403e+00	2.4494000238e+00	1.7326626720e+00	2.6793201669e+00	1.2107586208e+00	2.5407436819e+00	1.5347973150e+00	2.7130486212e+00	1.1281299519e+00	2.4531346546e+00	1.7248452643e+00	2.6826585322e+00	1.2026401125e+00	2.5328950694e+00	1.5523254579e+00
2.7148445248e+00																2.7144189209e+00	1.1247605229e+00	2.4492358411e+00	1.7330294046e+00	2.6791960432e+00	1.2110767186e+00	2.5410824259e+00	1.5340595734e+00	2.7130127686e+00	1.1282338566e+00	2.4532889017e+00	1.7245453731e+00	2.6828198931e+00	1.2022637449e+00	2.5325616718e+00	1.5530890820e+00
2.7148815197e+00																2.7144892881e+00	1.1246019754e+00	2.4490834982e+00	1.7333713610e+00	2.6790824430e+00	1.2113692376e+00	2.5413964960e+00	1.5333769148e+00	2.7129810361e+00	1.1283275887e+00	2.4534313007e+00	1.7242702780e+00	2.6829707258e+00	1.2019129643e+00	2.5322529538e+00	1.5537976105e+00
2.7149185147e+00																2.7145563224e+00	1.1244516532e+00	2.4489407283e+00	1.7336932849e+00	2.6789773463e+00	1.2116410890e+00	2.5416906347e+00	1.5327387496e+00	2.7129526362e+00	1.1284130926e+00	2.4535641181e+00	1.7240152351e+00	2.6831130505e+00	1.2015828596e+00	2.5319641729e+00	1.5544616329e+00
2.7149555096e+00																2.7146205877e+00	1.1243081643e+00	2.4488059094e+00	1.7339985718e+00	2.6788793073e+00	1.2118957872e+00	2.5419682356e+00	1.5321375008e+00	2.7129270052e+00	1.1284917603e+00	2.4536889762e+00	1.7237768488e+00	2.6832483127e+00	1.2012699163e+00	2.5316919356e+00	1.5550887263e+00
2.7149925045e+00																2.7146825040e+00	1.1241704717e+00	2.4486778325e+00	1.7342897515e+00	2.6787872494e+00	1.2121359501e+00	2.5422318260e+00	1.5315675252e+00	2.7129037229e+00	1.1285646291e+00	2.4538070838e+00	1.7235525894e+00	2.6833775893e+00	1.2009715165e+00	2.5314337146e+00	1.5556845337e+00
2.7150294994e+00																2.7147423943e+00	1.1240377778e+00	2.4485555684e+00	1.7345687688e+00	2.6787003449e+00	1.2123635897e+00	2.5424833484e+00	1.5310244858e+00	2.7128824665e+00	1.1286324963e+00	2.4539193703e+00	1.7233405119e+00	2.6835017080e+00	1.2006856484e+00	2.5311875672e+00	1.5562533922e+00
2.7150664943e+00																2.7148005131e+00	1.1239094538e+00	2.4484383843e+00	1.7348371575e+00	2.6786179413e+00	1.2125802922e+00	2.5427243338e+00	1.5305049641e+00	2.7128629812e+00	1.1286959910e+00	2.4540265684e+00	1.7231390827e+00	2.6836213212e+00	1.2004107256e+00	2.5309519626e+00	1.5567987204e+00
2.7151034893e+00																2.7148570657e+00	1.1237849933e+00	2.4483256903e+00	1.7350961521e+00	2.6785395133e+00	1.2127873342e+00	2.5429560147e+00	1.5300062085e+00	2.7128450620e+00	1.1287556195e+00	2.4541292681e+00	1.7229470669e+00	2.6837369541e+00	1.2001454715e+00	2.5307256682e+00	1.5573232696e+00
2.7151404842e+00																2.7149122201e+00	1.1236639814e+00	2.4482170030e+00	1.7353467644e+00	2.6784646308e+00	1.2129857616e+00	2.5431794004e+00	1.5295259659e+00	2.7128285408e+00	1.1288117966e+00	2.4542279528e+00	1.7227634530e+00	2.6838490369e+00	1.1998888403e+00	2.5305076748e+00	1.5578292933e+00
2.7151774791e+00																2.7149661161e+00	1.1235460731e+00	2.4481119205e+00	1.7355898355e+00	2.6783929361e+00	1.2131764438e+00	2.5433953297e+00	1.5290623629e+00	2.7128132777e+00	1.1288648676e+00	2.4543230244e+00	1.7225873996e+00	2.6839579273e+00	1.1996399627e+00	2.5302971435e+00	1.5583186646e+00
2.7152144740e+00																2.7150188712e+00	1.1234309777e+00	2.4480101041e+00	1.7358260740e+00	2.6783241280e+00	1.2133601127e+00	2.5436045091e+00	1.5286138225e+00	2.7127991552e+00	1.1289151229e+00	2.4544148215e+00	1.7224181983e+00	2.6840639265e+00	1.1993981065e+00	2.5300933678e+00	1.5587929606e+00
2.7152514689e+00																2.7150705859e+00	1.1233184477e+00	2.4479112657e+00	1.7360560832e+00	2.6782579502e+00	1.2135373918e+00	2.5438075401e+00	1.5281790020e+00	2.7127860729e+00	1.1289628103e+00	2.4545036325e+00	1.7222552455e+00	2.6841672909e+00	1.1991626485e+00	2.5298957463e+00	1.5592535240e+00
2.7152884638e+00																2.7151213464e+00	1.1232082701e+00	2.4478151571e+00	1.7362803820e+00	2.6781941820e+00	1.2137088170e+00	2.5440049397e+00	1.5277567470e+00	2.7127739445e+00	1.1290081426e+00	2.4545897054e+00	1.7220980224e+00	2.6842682409e+00	1.1989330527e+00	2.5297037620e+00	1.5597015092e+00
2.7153254588e+00																2.7151712274e+00	1.1231002603e+00	2.4477215633e+00	1.7364994208e+00	2.6781326323e+00	1.2138748530e+00	2.5441971562e+00	1.5273460564e+00	2.7127626952e+00	1.1290513046e+00	2.4546732553e+00	1.7219460785e+00	2.6843669679e+00	1.1987088542e+00	2.5295169664e+00	1.5601379171e+00
2.7153624537e+00																2.7152202945e+00	1.1229942566e+00	2.4476302962e+00	1.7367135931e+00	2.6780731340e+00	1.2140359061e+00	2.5443845816e+00	1.5269460556e+00	2.7127522597e+00	1.1290924579e+00	2.4547544703e+00	1.7217990204e+00	2.6844636390e+00	1.1984896470e+00	2.5293349677e+00	1.5605636227e+00
2.7153994486e+00																2.7152686052e+00	1.1228901170e+00	2.4475411903e+00	1.7369232453e+00	2.6780155398e+00	1.2141923339e+00	2.5445675607e+00	1.5265559746e+00	2.7127425802e+00	1.1291317446e+00	2.4548335159e+00	1.7216565016e+00	2.6845584012e+00	1.1982750733e+00	2.5291574211e+00	1.5609793957e+00
2.7154364435e+00																2.7153162106e+00	1.1227877154e+00	2.4474540989e+00	1.7371286842e+00	2.6779597196e+00	1.2143444530e+00	2.5447463988e+00	1.5261751318e+00	2.7127336057e+00	1.1291692907e+00	2.4549105389e+00	1.7215182151e+00	2.6846513849e+00	1.1980648167e+00	2.5289840211e+00	1.5613859178e+00
2.7154734384e+00																2.7153631560e+00	1.1226869397e+00	2.4473688914e+00	1.7373301833e+00	2.6779055574e+00	1.2144925452e+00	2.5449213679e+00	1.5258029202e+00	2.7127252909e+00	1.1292052085e+00	2.4549856698e+00	1.7213838875e+00	2.6847427060e+00	1.1978585952e+00	2.5288144960e+00	1.5617837959e+00
2.7155104334e+00																2.7154094823e+00	1.1225876893e+00	2.4472854508e+00	1.7375279873e+00	2.6778529492e+00	1.2146368631e+00	2.5450927113e+00	1.5254387964e+00	2.7127175949e+00	1.1292395984e+00	2.4550590257e+00	1.7212532740e+00	2.6848324685e+00	1.1976561563e+00	2.5286486023e+00	1.5621735734e+00
2.7155474283e+00																2.7154552261e+00	1.1224898739e+00	2.4472036718e+00	1.7377223165e+00	2.6778018016e+00	1.2147776337e+00	2.5452606479e+00	1.5250822720e+00	2.7127104811e+00	1.1292725509e+00	2.4551307119e+00	1.7211261543e+00	2.6849207657e+00	1.1974572730e+00	2.5284861211e+00	1.5625557390e+00
2.7155844232e+00																2.7155004203e+00	1.1223934117e+00	2.4471234595e+00	1.7379133698e+00	2.6777520303e+00	1.2149150621e+00	2.5454253754e+00	1.5247329054e+00	2.7127039164e+00	1.1293041478e+00	2.4552008233e+00	1.7210023295e+00	2.6850076820e+00	1.1972617403e+00	2.5283268547e+00	1.5629307338e+00
2.7156214181e+00																2.7155450952e+00	1.1222982287e+00	2.4470447275e+00	1.7381013277e+00	2.6777035587e+00	1.2150493342e+00	2.5455870732e+00	1.5243902966e+00	2.7126978708e+00	1.1293344631e+00	2.4552694464e+00	1.7208816189e+00	2.6850932940e+00	1.1970693721e+00	2.5281706239e+00	1.5632989583e+00
2.7156584130e+00																2.7155892780e+00	1.1222042572e+00	2.4469673973e+00	1.7382863545e+00	2.6776563172e+00	1.2151806194e+00	2.5457459044e+00	1.5240540811e+00	2.7126923169e+00	1.1293635644e+00	2.4553366596e+00	1.7207638583e+00	2.6851776714e+00	1.1968799991e+00	2.5280172653e+00	1.5636607766e+00
2.7156954079e+00																2.7156329937e+00	1.1221114358e+00	2.4468913972e+00	1.7384686005e+00	2.6776102420e+00	1.2153090722e+00	2.5459020180e+00	1.5237239264e+00	2.7126872297e+00	1.1293915133e+00	2.4554025347e+00	1.7206488973e+00	2.6852608777e+00	1.1966934667e+00	2.5278666301e+00	1.5640165214e+00
2.7157324029e+00																2.7156762652e+00	1.1220197077e+00	2.4468166613e+00	1.7386482032e+00	2.6775652750e+00	1.2154348346e+00	2.5460555507e+00	1.5233995275e+00	2.7126825864e+00	1.1294183665e+00	2.4554671376e+00	1.7205365984e+00	2.6853429714e+00	1.1965096332e+00	2.5277185816e+00	1.5643664977e+00
2.7157693978e+00																2.7157191136e+00	1.1219290211e+00	2.4467431292e+00	1.7388252892e+00	2.6775213624e+00	1.2155580365e+00	2.5462066278e+00	1.5230806044e+00	2.7126783658e+00	1.1294441759e+00	2.4555305287e+00	1.7204268350e+00	2.6854240059e+00	1.1963283683e+00	2.5275729943e+00	1.5647109854e+00
2.7158063927e+00																2.7157615583e+00	1.1218393280e+00	2.4466707452e+00	1.7389999751e+00	2.6774784549e+00	1.2156787982e+00	2.5463553652e+00	1.5227668990e+00	2.7126745485e+00	1.1294689894e+00	2.4555927638e+00	1.7203194904e+00	2.6855040308e+00	1.1961495521e+00	2.5274297525e+00	1.5650502427e+00
2.7158433876e+00																2.7158036172e+00	1.1217505841e+00	2.4465994578e+00	1.7391723685e+00	2.6774365069e+00	1.2157972304e+00	2.5465018696e+00	1.5224581727e+00	2.7126711166e+00	1.1294928514e+00	2.4556538943e+00	1.7202144567e+00	2.6855830916e+00	1.1959730736e+00	2.5272887495e+00	1.5653845081e+00
2.7158803825e+00																2.7158453070e+00	1.1216627485e+00	2.4465292192e+00	1.7393425695e+00	2.6773954760e+00	1.2159134359e+00	2.5466462399e+00	1.5221542047e+00	2.7126680534e+00	1.1295158028e+00	2.4557139681e+00	1.7201116342e+00	2.6856612305e+00	1.1957988301e+00	2.5271498863e+00	1.5657140024e+00
2.7159173774e+00																2.7158866431e+00	1.1215757830e+00	2.4464599851e+00	1.7395106707e+00	2.6773553230e+00	1.2160275100e+00	2.5467885680e+00	1.5218547900e+00	2.7126653435e+00	1.1295378819e+00	2.4557730294e+00	1.7200109301e+00	2.6857384870e+00	1.1956267263e+00	2.5270130711e+00	1.5660389307e+00
2.7159543724e+00																2.7159276398e+00	1.1214896521e+00	2.4463917143e+00	1.7396767584e+00	2.6773160115e+00	1.2161395416e+00	2.5469289394e+00	1.5215597379e+00	2.7126629725e+00	1.1295591242e+00	2.4558311196e+00	1.7199122579e+00	2.6858148974e+00	1.1954566735e+00	2.5268782183e+00	1.5663594836e+00
2.7159913673e+00																2.7159683107e+00	1.1214043228e+00	2.4463243684e+00	1.7398409131e+00	2.6772775073e+00	1.2162496132e+00	2.5470674337e+00	1.5212688706e+00	2.7126609270e+00	1.1295795626e+00	2.4558882770e+00	1.7198155373e+00	2.6858904958e+00	1.1952885888e+00	2.5267452484e+00	1.5666758390e+00
2.7160283622e+00																2.7160086682e+00	1.1213197642e+00	2.4462579114e+00	1.7400032099e+00	2.6772397787e+00	1.2163578021e+00	2.5472041253e+00	1.5209820221e+00	2.7126591944e+00	1.1295992281e+00	2.4559445377e+00	1.7197206930e+00	2.6859653141e+00	1.1951223952e+00	2.5266140869e+00	1.5669881628e+00
2.7160653571e+00																2.7160487239e+00	1.1212359473e+00	2.4461923096e+00	1.7401637192e+00	2.6772027960e+00	1.2164641807e+00	2.5473390838e+00	1.5206990370e+00	2.7126577631e+00	1.1296181498e+00	2.4559999353e+00	1.7196276546e+00	2.6860393819e+00	1.1949580202e+00	2.5264846642e+00	1.5672966104e+00
2.7161023520e+00																2.7160884890e+00	1.1211528450e+00	2.4461275317e+00	1.7403225070e+00	2.6771665311e+00	1.2165688166e+00	2.5474723744e+00	1.5204197698e+00	2.7126566220e+00	1.1296363546e+00	2.4560545013e+00	1.7195363560e+00	2.6861127271e+00	1.1947953963e+00	2.5263569152e+00	1.5676013274e+00
2.7161393470e+00																2.7161279738e+00	1.1210704319e+00	2.4460635478e+00	1.7404796352e+00	2.6771309579e+00	1.2166717735e+00	2.5476040584e+00	1.5201440837e+00	2.7126557608e+00	1.1296538682e+00	2.4561082654e+00	1.7194467354e+00	2.6861853761e+00	1.1946344596e+00	2.5262307785e+00	1.5679024505e+00
2.7161763419e+00																2.7161671879e+00	1.1209886839e+00	2.4460003303e+00	1.7406351621e+00	2.6770960519e+00	1.2167731113e+00	2.5477341935e+00	1.5198718502e+00	2.7126551697e+00	1.1296707145e+00	2.4561612554e+00	1.7193587344e+00	2.6862573532e+00	1.1944751504e+00	2.5261061966e+00	1.5682001082e+00
2.7162133368e+00																2.7162061405e+00	1.1209075786e+00	2.4459378528e+00	1.7407891425e+00	2.6770617898e+00	1.2168728862e+00	2.5478628337e+00	1.5196029483e+00	2.7126548397e+00	1.1296869160e+00	2.4562134976e+00	1.7192722980e+00	2.6863286819e+00	1.1943174124e+00	2.5259831152e+00	1.5684944216e+00
2.7162503317e+00																2.7162448403e+00	1.1208270945e+00	2.4458760906e+00	1.7409416283e+00	2.6770281497e+00	1.2169711515e+00	2.5479900303e+00	1.5193372639e+00	2.7126547621e+00	1.1297024942e+00	2.4562650168e+00	1.7191873744e+00	2.6863993839e+00	1.1941611924e+00	2.5258614832e+00	1.5687855047e+00
2.7162873266e+00																2.7162832953e+00	1.1207472116e+00	2.4458150203e+00	1.7410926684e+00	2.6769951110e+00	1.2170679572e+00	2.5481158315e+00	1.5190746892e+00	2.7126549286e+00	1.1297174691e+00	2.4563158363e+00	1.7191039147e+00	2.6864694799e+00	1.1940064403e+00	2.5257412523e+00	1.5690734653e+00
2.7163243215e+00																2.7163215134e+00	1.1206679109e+00	2.4457546199e+00	1.7412423090e+00	2.6769626541e+00	1.2171633509e+00	2.5482402830e+00	1.5188151222e+00	2.7126553317e+00	1.1297318599e+00	2.4563659784e+00	1.7190218726e+00	2.6865389894e+00	1.1938531085e+00	2.5256223769e+00	1.5693584054e+00
2.7163613165e+00																2.7163595018e+00	1.1205891743e+00	2.4456948683e+00	1.7413905940e+00	2.6769307606e+00	1.2172573774e+00	2.5483634280e+00	1.5185584666e+00	2.7126559639e+00	1.1297456845e+00	2.4564154638e+00	1.7189412042e+00	2.6866079310e+00	1.1937011523e+00	2.5255048137e+00	1.5696404213e+00
2.7163983114e+00																2.7163972674e+00	1.1205109847e+00	2.4456357457e+00	1.7415375648e+00	2.6768994128e+00	1.2173500794e+00	2.5484853076e+00	1.5183046309e+00	2.7126568183e+00	1.1297589600e+00	2.4564643126e+00	1.7188618680e+00	2.6866763221e+00	1.1935505289e+00	2.5253885217e+00	1.5699196045e+00
2.7164353063e+00																2.7164348169e+00	1.1204333259e+00	2.4455772333e+00	1.7416832609e+00	2.6768685943e+00	1.2174414973e+00	2.5486059605e+00	1.5180535285e+00	2.7126578885e+00	1.1297717028e+00	2.4565125436e+00	1.7187838244e+00	2.6867441794e+00	1.1934011980e+00	2.5252734622e+00	1.5701960418e+00
2.7164723012e+00																2.7164721564e+00	1.1203561825e+00	2.4455193132e+00	1.7418277198e+00	2.6768382891e+00	1.2175316693e+00	2.5487254237e+00	1.5178050768e+00	2.7126591679e+00	1.1297839282e+00	2.4565601747e+00	1.7187070360e+00	2.6868115187e+00	1.1932531212e+00	2.5251595981e+00	1.5704698154e+00
2.7165092961e+00																2.7165092920e+00	1.1202795398e+00	2.4454619683e+00	1.7419709771e+00	2.6768084823e+00	1.2176206322e+00	2.5488437322e+00	1.5175591975e+00	2.7126606509e+00	1.1297956510e+00	2.4566072230e+00	1.7186314671e+00	2.6868783551e+00	1.1931062620e+00	2.5250468943e+00	1.5707410039e+00
2.7165462911e+00																2.7165462292e+00	1.1202033838e+00	2.4454051825e+00	1.7421130667e+00	2.6767791595e+00	1.2177084205e+00	2.5489609196e+00	1.5173158162e+00	2.7126623316e+00	1.1298068851e+00	2.4566537047e+00	1.7185570838e+00	2.6869447028e+00	1.1929605856e+00	2.5249353175e+00	1.5710096816e+00
2.7165832860e+00																2.7165829736e+00	1.1201277013e+00	2.4453489401e+00	1.7422540210e+00	2.6767503071e+00	1.2177950674e+00	2.5490770176e+00	1.5170748617e+00	2.7126642046e+00	1.1298176438e+00	2.4566996352e+00	1.7184838536e+00	2.6870105754e+00	1.1928160590e+00	2.5248248358e+00	1.5712759197e+00
2.7166202809e+00																2.7166195301e+00	1.1200524796e+00	2.4452932267e+00	1.7423938708e+00	2.6767219121e+00	1.2178806046e+00	2.5491920567e+00	1.5168362663e+00	2.7126662649e+00	1.1298279399e+00	2.4567450294e+00	1.7184117457e+00	2.6870759861e+00	1.1926726505e+00	2.5247154189e+00	1.5715397859e+00
2.7166572758e+00																2.7166559038e+00	1.1199777064e+00	2.4452380279e+00	1.7425326455e+00	2.6766939621e+00	1.2179650620e+00	2.5493060657e+00	1.5165999653e+00	2.7126685075e+00	1.1298377855e+00	2.4567899013e+00	1.7183407305e+00	2.6871409471e+00	1.1925303301e+00	2.5246070377e+00	1.5718013449e+00
2.7166942707e+00																2.7166920994e+00	1.1199033703e+00	2.4451833304e+00	1.7426703733e+00	2.6766664452e+00	1.2180484685e+00	2.5494190723e+00	1.5163658970e+00	2.7126709276e+00	1.1298471923e+00	2.4568342645e+00	1.7182707800e+00	2.6872054703e+00	1.1923890690e+00	2.5244996646e+00	1.5720606584e+00
2.7167312656e+00																2.7167281213e+00	1.1198294601e+00	2.4451291214e+00	1.7428070810e+00	2.6766393501e+00	1.2181308517e+00	2.5495311031e+00	1.5161340024e+00	2.7126735208e+00	1.1298561712e+00	2.4568781317e+00	1.7182018672e+00	2.6872695672e+00	1.1922488395e+00	2.5243932731e+00	1.5723177854e+00
2.7167682606e+00																2.7167639738e+00	1.1197559652e+00	2.4450753885e+00	1.7429427946e+00	2.6766126659e+00	1.2182122379e+00	2.5496421834e+00	1.5159042249e+00	2.7126762828e+00	1.1298647331e+00	2.4569215154e+00	1.7181339662e+00	2.6873332484e+00	1.1921096154e+00	2.5242878380e+00	1.5725727826e+00
2.7168052555e+00																2.7167996611e+00	1.1196828755e+00	2.4450221198e+00	1.7430775386e+00	2.6765863823e+00	1.2182926523e+00	2.5497523373e+00	1.5156765104e+00	2.7126792094e+00	1.1298728880e+00	2.4569644272e+00	1.7180670523e+00	2.6873965245e+00	1.1919713714e+00	2.5241833349e+00	1.5728257038e+00
2.7168422504e+00																2.7168351871e+00	1.1196101812e+00	2.4449693042e+00	1.7432113366e+00	2.6765604893e+00	1.2183721191e+00	2.5498615882e+00	1.5154508072e+00	2.7126822966e+00	1.1298806456e+00	2.4570068787e+00	1.7180011019e+00	2.6874594053e+00	1.1918340834e+00	2.5240797406e+00	1.5730766011e+00
2.7168792453e+00																2.7168705556e+00	1.1195378730e+00	2.4449169307e+00	1.7433442115e+00	2.6765349774e+00	1.2184506616e+00	2.5499699582e+00	1.5152270654e+00	2.7126855408e+00	1.1298880155e+00	2.4570488806e+00	1.7179360922e+00	2.6875219005e+00	1.1916977282e+00	2.5239770328e+00	1.5733255241e+00
2.7169162402e+00																2.7169057703e+00	1.1194659418e+00	2.4448649890e+00	1.7434761848e+00	2.6765098373e+00	1.2185283018e+00	2.5500774689e+00	1.5150052374e+00	2.7126889381e+00	1.1298950066e+00	2.4570904433e+00	1.7178720014e+00	2.6875840191e+00	1.1915622834e+00	2.5238751902e+00	1.5735725205e+00
2.7169532352e+00																2.7169408346e+00	1.1193943792e+00	2.4448134690e+00	1.7436072777e+00	2.6764850603e+00	1.2186050613e+00	2.5501841407e+00	1.5147852774e+00	2.7126924852e+00	1.1299016274e+00	2.4571315770e+00	1.7178088085e+00	2.6876457701e+00	1.1914277278e+00	2.5237741923e+00	1.5738176361e+00
2.7169902301e+00																2.7169757519e+00	1.1193231767e+00	2.4447623612e+00	1.7437375101e+00	2.6764606379e+00	1.2186809605e+00	2.5502899933e+00	1.5145671413e+00	2.7126961787e+00	1.1299078864e+00	2.4571722911e+00	1.7177464934e+00	2.6877071618e+00	1.1912940409e+00	2.5236740192e+00	1.5740609149e+00
2.7170272250e+00																2.7170105254e+00	1.1192523264e+00	2.4447116562e+00	1.7438669015e+00	2.6764365620e+00	1.2187560193e+00	2.5503950457e+00	1.5143507869e+00	2.7127000153e+00	1.1299137914e+00	2.4572125951e+00	1.7176850368e+00	2.6877682023e+00	1.1911612027e+00	2.5235746521e+00	1.5743023993e+00
2.7170642199e+00																2.7170451583e+00	1.1191818206e+00	2.4446613452e+00	1.7439954704e+00	2.6764128248e+00	1.2188302565e+00	2.5504993162e+00	1.5141361735e+00	2.7127039918e+00	1.1299193503e+00	2.4572524977e+00	1.7176244198e+00	2.6878288996e+00	1.1910291945e+00	2.5234760727e+00	1.5745421299e+00
2.7171012148e+00																2.7170796535e+00	1.1191116520e+00	2.4446114197e+00	1.7441232348e+00	2.6763894186e+00	1.2189036905e+00	2.5506028223e+00	1.5139232617e+00	2.7127081054e+00	1.1299245704e+00	2.4572920076e+00	1.7175646247e+00	2.6878892611e+00	1.1908979978e+00	2.5233782634e+00	1.5747801460e+00
2.7171382097e+00																2.7171140140e+00	1.1190418135e+00	2.4445618713e+00	1.7442502119e+00	2.6763663364e+00	1.2189763390e+00	2.5507055810e+00	1.5137120140e+00	2.7127123530e+00	1.1299294589e+00	2.4573311331e+00	1.7175056340e+00	2.6879492941e+00	1.1907675951e+00	2.5232812073e+00	1.5750164852e+00
2.7171752047e+00																2.7171482425e+00	1.1189722981e+00	2.4445126920e+00	1.7443764183e+00	2.6763435710e+00	1.2190482189e+00	2.5508076086e+00	1.5135023939e+00	2.7127167319e+00	1.1299340226e+00	2.4573698822e+00	1.7174474311e+00	2.6880090056e+00	1.1906379693e+00	2.5231848880e+00	1.5752511840e+00
2.7172121996e+00																2.7171823417e+00	1.1189030992e+00	2.4444638743e+00	1.7445018702e+00	2.6763211157e+00	1.2191193466e+00	2.5509089207e+00	1.5132943663e+00	2.7127212395e+00	1.1299382681e+00	2.4574082624e+00	1.7173899999e+00	2.6880684024e+00	1.1905091041e+00	2.5230892900e+00	1.5754842775e+00
2.7172491945e+00																2.7172163142e+00	1.1188342104e+00	2.4444154107e+00	1.7446265831e+00	2.6762989640e+00	1.2191897378e+00	2.5510095325e+00	1.5130878975e+00	2.7127258731e+00	1.1299422020e+00	2.4574462814e+00	1.7173333248e+00	2.6881274909e+00	1.1903809837e+00	2.5229943979e+00	1.5757157994e+00
2.7172861894e+00																2.7172501625e+00	1.1187656256e+00	2.4443672941e+00	1.7447505718e+00	2.6762771097e+00	1.2192594080e+00	2.5511094588e+00	1.5128829547e+00	2.7127306301e+00	1.1299458303e+00	2.4574839462e+00	1.7172773908e+00	2.6881862774e+00	1.1902535928e+00	2.5229001972e+00	1.5759457825e+00
2.7173231843e+00																2.7172838890e+00	1.1186973389e+00	2.4443195175e+00	1.7448738509e+00	2.6762555466e+00	1.2193283716e+00	2.5512087136e+00	1.5126795063e+00	2.7127355082e+00	1.1299491591e+00	2.4575212637e+00	1.7172221836e+00	2.6882447681e+00	1.1901269167e+00	2.5228066737e+00	1.5761742583e+00
2.7173601793e+00																2.7173174961e+00	1.1186293443e+00	2.4442720742e+00	1.7449964344e+00	2.6762342689e+00	1.2193966432e+00	2.5513073106e+00	1.5124775220e+00	2.7127405051e+00	1.1299521942e+00	2.4575582408e+00	1.7171676889e+00	2.6883029687e+00	1.1900009412e+00	2.5227138138e+00	1.5764012572e+00
2.7173971742e+00																2.7173509860e+00	1.1185616365e+00	2.4442249579e+00	1.7451183357e+00	2.6762132709e+00	1.2194642363e+00	2.5514052629e+00	1.5122769723e+00	2.7127456183e+00	1.1299549411e+00	2.4575948837e+00	1.7171138933e+00	2.6883608850e+00	1.1898756525e+00	2.5226216042e+00	1.5766268088e+00
2.7174341691e+00																2.7173843609e+00	1.1184942099e+00	2.4441781622e+00	1.7452395679e+00	2.6761925472e+00	1.2195311642e+00	2.5515025835e+00	1.5120778286e+00	2.7127508459e+00	1.1299574053e+00	2.4576311989e+00	1.7170607837e+00	2.6884185224e+00	1.1897510373e+00	2.5225300322e+00	1.5768509414e+00
2.7174711640e+00																2.7174176229e+00	1.1184270593e+00	2.4441316810e+00	1.7453601436e+00	2.6761720924e+00	1.2195974400e+00	2.5515992846e+00	1.5118800634e+00	2.7127561856e+00	1.1299595919e+00	2.4576671924e+00	1.7170083473e+00	2.6884758862e+00	1.1896270826e+00	2.5224390854e+00	1.5770736827e+00
2.7175081589e+00																2.7174507741e+00	1.1183601798e+00	2.4440855087e+00	1.7454800752e+00	2.6761519013e+00	1.2196630760e+00	2.5516953781e+00	1.5116836500e+00	2.7127616353e+00	1.1299615062e+00	2.4577028701e+00	1.7169565720e+00	2.6885329816e+00	1.1895037762e+00	2.5223487519e+00	1.5772950594e+00
2.7175451538e+00																2.7174838165e+00	1.1182935663e+00	2.4440396394e+00	1.7455993744e+00	2.6761319691e+00	1.2197280843e+00	2.5517908758e+00	1.5114885627e+00	2.7127671931e+00	1.1299631529e+00	2.4577382376e+00	1.7169054457e+00	2.6885898135e+00	1.1893811058e+00	2.5222590201e+00	1.5775150972e+00
2.7175821488e+00																2.7175167520e+00	1.1182272142e+00	2.4439940677e+00	1.7457180528e+00	2.6761122909e+00	1.2197924767e+00	2.5518857887e+00	1.5112947763e+00	2.7127728571e+00	1.1299645368e+00	2.4577733005e+00	1.7168549570e+00	2.6886463868e+00	1.1892590597e+00	2.5221698787e+00	1.5777338213e+00
2.7176191437e+00																2.7175495824e+00	1.1181611188e+00	2.4439487882e+00	1.7458361215e+00	2.6760928620e+00	1.2198562644e+00	2.5519801278e+00	1.5111022667e+00	2.7127786254e+00	1.1299656627e+00	2.4578080641e+00	1.7168050947e+00	2.6887027061e+00	1.1891376267e+00	2.5220813169e+00	1.5779512558e+00
2.7176561386e+00																2.7175823096e+00	1.1180952758e+00	2.4439037958e+00	1.7459535914e+00	2.6760736779e+00	1.2199194584e+00	2.5520739035e+00	1.5109110102e+00	2.7127844961e+00	1.1299665349e+00	2.4578425336e+00	1.7167558478e+00	2.6887587760e+00	1.1890167957e+00	2.5219933241e+00	1.5781674242e+00
2.7176931335e+00																2.7176149353e+00	1.1180296806e+00	2.4438590854e+00	1.7460704728e+00	2.6760547342e+00	1.2199820695e+00	2.5521671262e+00	1.5107209842e+00	2.7127904674e+00	1.1299671578e+00	2.4578767140e+00	1.7167072060e+00	2.6888146008e+00	1.1888965562e+00	2.5219058902e+00	1.5783823495e+00
2.7177301284e+00																2.7176474613e+00	1.1179643293e+00	2.4438146523e+00	1.7461867761e+00	2.6760360267e+00	1.2200441079e+00	2.5522598058e+00	1.5105321664e+00	2.7127965378e+00	1.1299675356e+00	2.4579106103e+00	1.7166591589e+00	2.6888701849e+00	1.1887768976e+00	2.5218190051e+00	1.5785960536e+00
2.7177671233e+00																2.7176798891e+00	1.1178992176e+00	2.4437704916e+00	1.7463025110e+00	2.6760175511e+00	1.2201055838e+00	2.5523519518e+00	1.5103445355e+00	2.7128027055e+00	1.1299676724e+00	2.4579442271e+00	1.7166116967e+00	2.6889255323e+00	1.1886578101e+00	2.5217326594e+00	1.5788085580e+00
2.7178041183e+00																2.7177122205e+00	1.1178343416e+00	2.4437265988e+00	1.7464176871e+00	2.6759993035e+00	1.2201665067e+00	2.5524435736e+00	1.5101580705e+00	2.7128089688e+00	1.1299675723e+00	2.4579775692e+00	1.7165648097e+00	2.6889806471e+00	1.1885392837e+00	2.5216468436e+00	1.5790198837e+00
2.7178411132e+00																2.7177444569e+00	1.1177696974e+00	2.4436829694e+00	1.7465323139e+00	2.6759812800e+00	1.2202268864e+00	2.5525346804e+00	1.5099727512e+00	2.7128153263e+00	1.1299672390e+00	2.4580106408e+00	1.7165184885e+00	2.6890355332e+00	1.1884213092e+00	2.5215615486e+00	1.5792300508e+00
2.7178781081e+00																2.7177765998e+00	1.1177052814e+00	2.4436395991e+00	1.7466464003e+00	2.6759634768e+00	1.2202867318e+00	2.5526252808e+00	1.5097885580e+00	2.7128217764e+00	1.1299666764e+00	2.4580434465e+00	1.7164727241e+00	2.6890901943e+00	1.1883038772e+00	2.5214767656e+00	1.5794390791e+00
2.7179151030e+00																2.7178086509e+00	1.1176410898e+00	2.4435964836e+00	1.7467599552e+00	2.6759458902e+00	1.2203460520e+00	2.5527153835e+00	1.5096054716e+00	2.7128283176e+00	1.1299658881e+00	2.4580759904e+00	1.7164275076e+00	2.6891446342e+00	1.1881869788e+00	2.5213924861e+00	1.5796469876e+00
2.7179520979e+00																2.7178406114e+00	1.1175771192e+00	2.4435536190e+00	1.7468729871e+00	2.6759285166e+00	1.2204048558e+00	2.5528049969e+00	1.5094234736e+00	2.7128349484e+00	1.1299648776e+00	2.4581082767e+00	1.7163828304e+00	2.6891988565e+00	1.1880706054e+00	2.5213087017e+00	1.5798537949e+00
2.7179890929e+00																2.7178724828e+00	1.1175133660e+00	2.4435110011e+00	1.7469855044e+00	2.6759113525e+00	1.2204631514e+00	2.5528941290e+00	1.5092425459e+00	2.7128416675e+00	1.1299636485e+00	2.4581403093e+00	1.7163386841e+00	2.6892528646e+00	1.1879547484e+00	2.5212254043e+00	1.5800595191e+00
2.7180260878e+00																2.7179042665e+00	1.1174498270e+00	2.4434686261e+00	1.7470975151e+00	2.6758943945e+00	1.2205209473e+00	2.5529827877e+00	1.5090626709e+00	2.7128484735e+00	1.1299622041e+00	2.4581720922e+00	1.7162950605e+00	2.6893066619e+00	1.1878393996e+00	2.5211425861e+00	1.5802641779e+00
2.7180630827e+00																2.7179359637e+00	1.1173864988e+00	2.4434264903e+00	1.7472090273e+00	2.6758776393e+00	1.2205782513e+00	2.5530709807e+00	1.5088838314e+00	2.7128553651e+00	1.1299605476e+00	2.4582036291e+00	1.7162519518e+00	2.6893602518e+00	1.1877245511e+00	2.5210602393e+00	1.5804677882e+00
2.7181000776e+00																2.7179675758e+00	1.1173233783e+00	2.4433845899e+00	1.7473200485e+00	2.6758610838e+00	1.2206350713e+00	2.5531587154e+00	1.5087060107e+00	2.7128623410e+00	1.1299586823e+00	2.4582349238e+00	1.7162093501e+00	2.6894136373e+00	1.1876101949e+00	2.5209783565e+00	1.5806703668e+00
2.7181370725e+00																2.7179991041e+00	1.1172604624e+00	2.4433429213e+00	1.7474305862e+00	2.6758447248e+00	1.2206914149e+00	2.5532459992e+00	1.5085291928e+00	2.7128693998e+00	1.1299566113e+00	2.4582659798e+00	1.7161672481e+00	2.6894668218e+00	1.1874963236e+00	2.5208969304e+00	1.5808719299e+00
2.7181740674e+00																2.7180305497e+00	1.1171977480e+00	2.4433014812e+00	1.7475406478e+00	2.6758285591e+00	1.2207472894e+00	2.5533328391e+00	1.5083533618e+00	2.7128765404e+00	1.1299543377e+00	2.4582968007e+00	1.7161256383e+00	2.6895198082e+00	1.1873829297e+00	2.5208159539e+00	1.5810724932e+00
2.7182110624e+00																2.7180619138e+00	1.1171352323e+00	2.4432602660e+00	1.7476502404e+00	2.6758125840e+00	1.2208027022e+00	2.5534192420e+00	1.5081785022e+00	2.7128837615e+00	1.1299518643e+00	2.4583273898e+00	1.7160845135e+00	2.6895725994e+00	1.1872700061e+00	2.5207354202e+00	1.5812720723e+00
2.7182480573e+00																2.7180931976e+00	1.1170729124e+00	2.4432192725e+00	1.7477593708e+00	2.6757967964e+00	1.2208576602e+00	2.5535052146e+00	1.5080045992e+00	2.7128910621e+00	1.1299491941e+00	2.4583577506e+00	1.7160438669e+00	2.6896251985e+00	1.1871575456e+00	2.5206553225e+00	1.5814706819e+00
